1.59524744047
0.754848327634
1.62853677018
0.377188427767
-1.48850055779
0.529560032468
0.654418484583
1.48071984905
0.886950380486
1.18156151401
0.930987353705
1.16763294937
0.177341189684
0.473071476675
1.04247170321
0.555852956307
-0.123285202042
-0.290357790995
0.591205782258
0.202911744921
0.348955108488
0.917702282125
0.489266230311
0.0402102333495
1.20545227257
1.71225306101
0.333589513216
-0.374176641153
0.625858332017
-0.2878883819
1.13173898623
1.87523920165
1.09358450835
1.22050662526
-2.37021552004
0.792116365455
1.06868986743
-0.250317561156
-0.802883662192
1.36820611494
1.66269618332
1.46505624966
0.73217285655
0.997553830877
1.03553805
2.13106420796
1.46334822718
0.287607161499
1.08269003773
-0.00632515964488
0.776608507206
1.26604897062
0.673971737387
1.15927774532
0.476446328384
0.392716440865
0.47064413556
2.81666793944
0.482086503932
2.18581035362
0.408446151713
1.66093933819
0.649950736278
2.36486813514
1.37820292857
-0.598528839048
0.0853065985651
1.29567502261
1.43891562895
1.59993400406
-1.12835854533
0.368436968859
1.32022093006
0.996302964374
1.47913043882
1.0708613422
1.42875454287
0.789824245963
0.90038920154
0.371910058602
1.45637664861
0.0649103296454
1.26152347242
0.898559184217
-0.0845046642699
1.01182028523
1.45604905896
0.993790370139
1.78141454443
0.501256514955
0.594387406982
1.34003038933
1.36522216983
0.493998582366
1.50067694197
0.805964083309
-0.222850265135
-1.15086355466
1.35615488024
0.387466494816
1.45464225803
-0.0667512618025
0.525093219357
-0.0792365494104
0.516971224935
0.318427745227
1.01220923019
-0.100801484386
0.896464349298
-0.0467935430539
-0.513380844302
1.33310429095
1.29782439721
0.204791118639
0.773171149829
2.63277436829
1.06692357501
1.12712721069
-0.333554496519
-0.358977812845
0.902734784662
-0.620419115082
-0.664391960733
1.33799815455
1.39539990025
-0.113920632793
0.59348216056
0.736465397284
0.986046776856
0.137250391487
1.44293094627
1.23055710814
-1.0342101043
-0.566948108046
1.43734326937
0.242779027731
0.404935060996
0.224760378367
0.705476838552
-0.144058248308
0.32952433309
0.95306238555
0.0482996780267
1.27562885187
0.620412110709
0.71583511308
-0.0592245950832
0.830386626384
0.825462948413
0.182449258458
0.428008283226
0.310128864826
1.50411830256
1.41014984378
0.754688089477
-0.349066063605
0.608302510007
-0.754685929571
-0.0664093181767
0.408153213924
0.768500161377
0.72242248456
1.11733216649
-0.0959785456209
0.379680269741
1.58655852713
0.178790357111
0.444753830619
1.25278920057
1.07536735147
0.607905240227
1.51974732836
1.35868457968
0.31018047112
0.643199789023
-0.0433563222599
1.75698256813
0.211747350045
-0.0512353837972
-0.378974206837
0.787900219345
0.577263101336
-0.0422107358186
0.379508657796
0.394688864591
-0.350493505673
0.532660941085
1.42873049535
0.219610089455
0.603386438422
0.815465196023
2.5199536772
0.808291104587
1.4662973776
0.301507103122
0.266580031113
-0.505904818211
0.474750351675
-0.158542468986
0.951117363232
-0.371791447825
0.767840986334
0.734709147066
0.0558316155558
-0.0154063887932
1.37558732685
1.23973444978
0.885501488559
1.82653470571
-0.230603522281
0.399746841292
0.701168409567
1.35373582988
0.512290759908
-0.183985420708
0.391168671802
0.0149331639777
1.27011723095
-0.735724355698
-0.481197020598
1.05672604384
0.393978435724
2.57186782748
1.89097129421
0.230341492095
0.0602776938222
0.229892160733
0.583638970425
0.349370983048
0.626023443379
1.27008828984
0.966761579501
0.862076231352
1.15980746289
0.229156368062
-1.27219752807
1.10165094377
-0.41124293524
0.458926681927
0.473609061724
1.08860815107
0.736324691694
0.873884281214
0.581742312327
0.568265164978
1.13356700044
0.775872161708
1.26011377382
1.10406759287
0.603033888702
-0.686506581756
0.789165046824
-0.0923756454252
0.232138475292
1.38281216151
1.03940058508
0.783462624434
0.976911045456
0.737102222385
0.186616464519
-0.324743723049
0.316427846329
0.28560575431
0.996720703169
0.72376841838
-0.398090239407
-1.11861262024
0.202719194316
1.37455892342
-0.65010849614
0.519360629387
-0.077198496105
1.9852887098
0.745134613345
-0.0676213995793
0.108385108531
0.24472505335
1.32816393572
0.929412561943
1.36014335495
0.42748385976
0.67741220333
0.188047517472
0.463638588551
0.923848472437
1.94959584766
-0.0731647631687
0.659923489796
2.12721270298
0.437681636676
0.191718950221
0.271759141889
-0.314402505646
-0.521048769231
0.528348131435
0.98718390427
0.228147029186
-0.0504475077561
1.08648950129
0.865876607283
1.44071600612
0.249333620819
0.171413129529
1.00892969476
0.00696256177055
0.167892996437
0.106297167504
1.02042593586
0.892865592091
-0.930013434694
1.15584130738
0.393711421196
0.345467662113
2.41436376286
1.7306462679
0.751299497751
0.29371892575
1.04754411335
1.91002026877
-0.243863892743
1.59118108652
0.576615411546
1.63890749925
0.439906597742
-0.314596236297
0.248318977086
1.78517826396
0.565942266011
1.25502741913
0.422170432668
-0.338291276826
1.24990344097
1.11767531844
0.983834822894
-0.33639508717
1.40472677028
0.609264488798
1.16444766969
0.365014346987
0.0245991741812
0.581506770626
1.30003003192
1.78984415978
1.22128141482
0.940231533865
0.747444798685
-0.0618880988031
0.0328397944184
1.38406041782
1.69718143859
0.794124264449
-0.548921388789
0.795340028339
0.95684781832
0.70028636351
-0.556726830927
0.314866775876
-0.328980621158
1.24665641159
0.340731664678
0.123953404782
0.933915452753
0.587518720615
1.39436692845
0.658973339675
0.311560270304
0.723279120685
0.0143793517554
0.637112753494
1.33532431783
-0.125874826378
1.15055538029
1.71637537448
2.48339044393
0.73555778402
0.356174928723
0.832571234929
1.37672832527
0.60693573055
-0.535450947446
0.650188068124
1.13705402856
0.643066244496
1.40382832582
0.912165537359
0.265038551079
1.20660924522
0.540857488577
-1.77810887328
0.661987263752
-0.799290484849
0.135681342089
1.21742902207
-1.28018069776
-0.60757422957
0.674561535905
0.466989727024
-0.023707342185
0.571007278271
2.34411846599
0.501767366964
-1.24384235576
-0.375676388448
0.393125491446
0.929456871332
-0.470067753826
-1.12925478237
-0.0255764341088
1.63074086035
1.4286271988
-0.467464965949
0.200233189683
0.166528564698
0.0678238972896
0.0688949380594
0.448671503389
-0.650885252391
0.760139481414
0.844160963668
-0.703798804157
1.2936244189
0.588503521371
1.70145233855
0.712621501685
0.315708610614
0.735125099177
1.18994095024
0.594990523209
-0.404269514009
-0.166317375812
1.35581638756
-0.268013194748
0.315067324394
2.77590680619
-0.0620003514376
0.683923509357
0.554675869214
-0.687079169368
0.265300380128
-0.387085031419
0.51659535611
0.0437751729455
0.631692528782
1.01120325774
0.671480220115
1.21870249163
1.72147776376
0.328616743004
0.0238866563439
0.345538503037
1.5224443894
-0.205528996904
1.67786267048
0.968572636254
0.45429476522
0.134303033074
0.849410058095
1.44808190949
1.40508081933
0.611648563053
-0.0211290818251
2.54452377098
0.261499284428
0.493321224128
1.73151824181
1.39421816384
0.37762553639
-0.01960709045
0.218315611885
0.491673129979
0.40658686624
-0.261328605521
2.62530935432
1.28881776449
0.114801179458
0.489052388965
-0.073897137488
1.03768252125
-0.454459217771
0.628652515674
1.50547472402
1.42357650402
-0.0223433582554
1.95025790548
1.06326631001
0.915473428927
1.3373546155
1.86466397169
1.02417268009
2.22284186436
0.209458098915
0.5850366452
1.55584467672
1.98030164697
0.788624243966
-0.199461193149
0.186182730442
1.42322957037
-0.230123370772
-0.503847268333
0.823541891089
2.14921064271
0.990675644636
0.479026123977
2.47439372721
-0.550337205476
0.768711349598
1.26860127827
0.102765667835
0.665119152564
1.57485787376
0.484202471269
1.36648475883
1.04237603195
0.600717872936
0.0123834058061
0.868052115568
0.500389730081
0.872392783508
0.485937303707
1.15768786856
1.80100701663
-0.0548504395431
1.26245564479
-0.191092565554
1.03731692077
0.775907081283
0.212796330132
1.6399141157
0.670920569382
0.399086928782
0.259635924366
0.774231370113
0.198410212788
0.75752094254
-0.325114758632
1.19785028256
0.721670687496
1.24696513718
1.58713959391
1.69574892579
0.663983264829
-0.308423437626
1.91967557525
0.558848844177
1.01054481106
0.416229060496
0.737605208124
0.224894861589
1.63845607862
0.7693984923
1.55613966524
-0.184318739159
1.06287645375
0.476515694693
0.0968646058965
-0.277357221308
-0.157576001593
2.13503177163
1.36515774491
-1.72702473196
-0.475763251077
-0.0592124351932
0.343618362771
0.454128809778
0.339009317568
2.41337492902
0.600125520112
1.17502906903
0.486427759954
0.650049778871
0.366733916103
0.103878640123
1.02324711293
0.449664474542
1.15155362945
0.265716157984
-0.61433855693
0.0580892856505
-0.426878437568
-0.664040522687
0.563152459665
1.32947859495
1.99736449067
1.79525044373
1.38464577711
-0.256840639022
1.36370642295
0.596892828753
0.0903816944419
1.2063894592
2.12322371759
0.0576916572511
1.31545979735
0.646151245978
0.109343940045
1.006544298
0.819981662045
-0.259898233192
0.230658370851
0.234559104431
0.473637963698
1.28109729191
-0.385051657705
1.00522566115
0.659519675171
0.272743289936
-0.792878693632
1.37438638001
0.746052886372
0.899951156158
-0.662342772623
0.734814628099
0.663000842765
0.563911878374
1.589640889
0.224988805475
0.647639392837
0.137383589866
0.0363809765249
1.50217847691
0.540671839898
1.34761707964
1.22500707534
0.396929336945
-0.606142436163
0.305509571371
0.948285289091
-0.479539258266
0.274206496389
0.829710966249
0.486138961974
0.869177410712
1.72946469061
0.513628365619
0.522721132977
0.413011247274
0.321702978553
0.200329171012
0.942320344053
0.476581417334
0.188818359243
2.06088634376
0.569235437043
-0.239570448973
-0.247488544915
0.832032871155
0.214776935115
0.750716311403
1.74119935015
0.0641557058164
0.654868072365
1.52103728916
2.3414320819
0.0381787405424
0.77165472653
1.4243271079
2.69486562265
0.384784475808
2.21208497635
1.28821464897
1.46442313492
1.39966611217
0.901255482627
1.94932710476
0.292766529382
1.4577287832
0.297573763588
-0.531384390897
0.0333439930374
0.839645108861
-0.576700754274
0.915651234636
0.751621971372
0.443490933031
1.57129937808
0.521217964505
1.31704593344
0.704370353413
0.239013717547
1.03044940758
-0.24584831451
-0.448760393491
0.91353233442
0.998562690561
2.10497903572
-0.442681629218
1.29296438882
0.891717956404
-0.266915797834
0.275208022572
-0.127790080733
0.629373343537
1.83369878539
0.303817636825
0.820786540205
-0.371604927364
0.73645897731
0.071955849146
-0.298885515844
-0.177600667652
-0.753672605123
0.368723063655
-0.591633202564
-0.588139771292
0.575577683986
0.146838451926
1.49153196991
0.197300002235
0.682542458524
-0.472878902636
0.445468389407
-0.391587951743
0.763691747976
1.52863620515
1.05436496517
0.0830682746644
1.86135961784
2.60465324001
-0.35134766567
1.22771815165
-0.681583127916
0.933479546723
0.774142004334
0.927338662361
0.224790173387
1.12029934967
-0.485087869553
0.847636399332
1.69014309017
1.31337787193
1.13352388687
0.350968792284
1.81032812005
0.63610545941
-0.350505375915
1.26442214061
0.837685512082
1.53217805397
0.711693570536
0.522979374351
0.162686632709
0.436424232759
0.127370223067
2.2230920565
0.00810809782444
0.632754804646
-0.182644465188
1.45178996981
0.980085297383
-0.577473067613
0.763471769721
0.380209394156
0.506420693318
-0.188826516891
0.34871744596
1.00020625687
2.41422977421
0.845532401295
1.1748103297
0.0648278241101
0.175211553506
2.13094378319
-0.524034456971
-0.329012407612
0.597894314248
0.599050294002
2.88131725103
2.04875520265
1.06463042977
0.713746400704
0.432762990255
-0.0379218260475
0.199561898186
0.106364357087
0.655398610473
2.75362281691
0.379618902759
1.41234516295
1.84869554912
1.47439778432
-0.067018583808
-0.101292204764
0.949106823242
0.990169335388
2.69849025446
0.805720715989
0.0152362953318
1.54108311868
0.0868771731262
0.308380373022
0.93972470628
0.375714600168
1.2640824705
0.199466731782
0.534024050129
1.37512297712
0.192882020783
0.945999947393
1.12865376936
-0.290145618379
-0.260725475854
-0.0324558528174
1.31362301481
1.60348748563
1.48333680579
2.27786431077
0.60270938264
1.03849512122
1.39752571652
1.64823092335
0.261953996503
1.14321951031
1.50482177213
1.09392063795
0.465252541061
1.16672986203
0.500917706438
0.152079858211
1.53466415806
0.605456388603
0.600718063199
1.23601069465
1.21466416931
1.34187192235
1.28712223427
-0.915824649042
0.215307057883
1.19134575712
1.59245255396
1.19326370748
-0.173084113017
1.33286666923
0.356900325776
0.110681356328
1.96075031826
0.306646748397
0.316762531491
1.06376771405
0.284789982911
0.954079307053
1.18171820517
0.51823935493
1.37759554954
0.989953591263
1.18888505746
-0.166679068003
0.118232453318
0.613860347599
0.732276927025
-0.361216056925
1.0204073197
0.750918391413
0.322458937209
-0.0594923881862
-0.849405016211
-0.738134443809
1.64445791094
-1.03685601904
2.17951303036
-0.0177107265446
2.13492137214
-0.727174841884
1.61889456004
1.45050423585
0.046754806746
1.064628706
1.80408969969
1.0401768717
1.1399093098
1.28245305856
0.452481669899
1.2702208458
1.38733113891
0.937107598172
-0.340996834343
1.84145304792
1.32852899833
0.0626382814683
-0.071099552013
1.50156541571
0.0856619577795
1.42252745928
-0.929136379302
1.98935822754
-1.17963843519
0.889603255825
0.193594126348
1.38233174257
0.616977222745
0.708276294832
0.758750314926
0.065597115758
0.581475406993
0.203413173802
1.51385381679
0.245221005468
-0.770106865889
1.78382081208
0.757932144847
0.638982217286
-0.491069673087
1.90727734847
0.919162164004
0.431208679988
0.76492315429
0.59512135343
0.531716445488
0.22589775972
0.629797229471
1.09819840671
0.745260227069
0.794245381979
1.44162758488
0.240958905261
0.595344328073
0.940150990519
0.400061892617
1.12557110718
1.21984739289
0.0292271286221
0.0367664330074
2.31184038245
2.21924123228
1.43718459999
0.322309344402
0.893243921278
0.266825159481
0.6635887211
-0.500752845367
0.137212863684
-0.187153071403
0.247900727255
1.54326079265
1.15975439655
0.163883340116
1.24384229939
0.216394311452
0.891327315646
2.03687494099
1.67833174071
1.29153359672
0.691939567348
1.45708345414
1.51626713377
0.113961698954
0.593143084548
0.994104741806
1.44089650613
-0.2849186819
1.50981888089
0.904434234196
0.138414760074
1.17760263885
0.81149824082
0.858592071884
0.324674968025
1.27169377016
1.24801663385
-0.416503404289
1.72707289219
-0.0422870305149
1.20613374246
0.298601092209
-0.0943731547621
0.487386227481
-0.062575004493
0.171648399124
1.16491877853
1.23767104886
1.60624063766
0.670967193844
0.343262251879
0.537880140177
0.545741306877
0.798755579743
0.251821596145
0.385650648862
0.909176230503
1.00882823131
0.633422908868
1.18687968492
1.11954913882
1.30253924013
1.05610675549
0.38968916832
1.63741008109
0.742491174786
-0.935259922203
1.10393151603
0.476806567264
1.07614772024
0.539397894792
0.885995307316
-0.434484563536
0.413725540713
0.188721134089
0.509479072152
0.283978722301
0.548840962508
-1.34253699028
0.880048103003
0.759940275654
0.981892480457
0.448128737665
0.663496167299
-0.447344193094
0.618589217504
1.10629616247
-0.283193078848
-0.622879891001
0.381725220087
1.20413482163
0.563063763965
0.541204815079
1.15323648457
0.85948353017
0.296633895387
-0.0853378509884
-0.648045363092
-0.10690438994
0.836986939895
0.212220742708
1.39298753545
1.85933400859
0.820394785263
1.68817312797
1.26727378358
0.483686030299
2.2773215203
1.51166995734
0.948003028227
-0.200594736647
0.541274017362
-0.37913301822
0.665080885282
-0.0665713297023
0.267533731681
0.198487934244
0.616846898896
0.228072028729
-0.663084672131
0.483808116827
1.19974974038
0.700237287357
0.286947873906
0.591991999966
0.724654428478
2.11795898057
0.757646982234
-0.186084292036
0.152778727347
0.314095445393
0.166154201834
-0.75705918224
0.162415918684
0.319706419886
-0.392732770381
-0.116226789694
-0.273581950863
0.508520032401
0.624134076463
-0.151420414822
1.27518717334
-1.07201129418
1.02076642151
1.35272595325
1.34545395511
0.664015867245
1.02104460817
0.590221992285
-0.583139058862
0.176067934169
2.03019430823
0.27419639818
2.77853725088
-1.14740430882
-0.661322356234
0.339872070626
0.863233251933
0.390633165823
0.398478868664
0.722205153809
0.426651275875
0.527329229378
0.40492705969
1.82294850926
1.10640309285
0.00579841021817
0.0904725530287
-0.354016378727
1.31779293535
1.02532811678
0.0710763165712
0.30126953127
0.871143408988
0.216060236641
-0.244265505183
0.586782399229
0.581722896627
0.520347050615
-0.727853004976
1.95452561974
0.442270535243
0.886626378421
0.0932444393169
0.229223832645
-0.195583883467
0.771441117944
1.0655039306
1.68612617924
1.34308542261
0.475301876821
0.0627508795088
0.980721148135
-0.107988827918
1.20896350752
0.980067789041
1.17649587101
0.142774257467
2.70240151605
1.72768683629
0.805411828113
-0.650420310262
0.495613135706
1.06786739437
-0.0144852894444
-0.14371626548
-0.0676341130512
0.282238861866
-0.193260913818
1.04779715406
1.35495076827
1.31035207296
-1.0587546363
-0.0652420750808
0.459300567949
-0.338761077443
0.474852041532
1.32496854674
1.40540131921
0.559642013746
1.0963762875
0.944424057437
0.603751785018
0.269280750596
0.921755882211
0.433642593508
0.546030582277
0.643841490722
0.288734823502
-0.108099498059
2.4259611944
1.775153227
0.787206691004
0.789278480637
0.612757589306
-0.886384307515
0.681972864243
1.88615475401
0.528113596841
-1.24415565447
1.16791018884
0.146684613991
-0.355185575116
1.0505255806
0.917590347728
2.23155649051
0.655480404711
1.58704769999
0.885856398999
0.354663793161
0.653974638438
-0.38281530385
0.889930746893
0.146060819764
0.185261073866
0.93615582962
0.216799219599
0.436838751805
1.73609651923
0.834544183961
0.780213986056
0.242774169059
0.604314720448
0.0843277957407
0.236650380936
1.09917164161
1.28359527009
1.27726202094
1.95117574693
0.625826499344
0.379644925241
0.649793818606
0.509715294182
-0.588407815941
1.92727844505
0.0885293281125
2.12082882419
1.27882130593
0.226645066516
1.23036479709
0.94303007395
1.06869468373
1.32782349308
-0.240166087031
0.814610270436
0.57137678622
1.87136962324
-0.555508194004
1.45533540627
3.25846623535
1.47027021755
-0.372293386798
1.25407092235
0.829434080645
0.391319221099
1.1542130041
0.324753222992
0.524087917471
1.00963196573
0.982193200439
0.470742644491
1.40597082733
1.42536027845
-0.247089887699
0.902742739315
0.84626801862
0.845470581576
0.585750798613
-0.236580061053
0.240399691144
1.13404361058
1.12741746467
0.43772399418
0.456849905254
1.37919408912
0.973528284155
0.591945430812
1.7814745692
0.15871576666
0.830357037385
1.81344344452e-05
0.989904618661
-0.474568358305
0.574187260227
0.809146328006
1.1846178765
0.689835782996
2.55476415103
0.150402949662
0.329214246366
-0.279213098079
0.922977845116
-0.456954340559
0.0734747220087
1.14921190948
0.987038341089
0.95054095649
1.63536591446
1.43503457182
1.0165847437
0.235050962247
0.475745263981
0.996824088585
1.02990159005
0.398778437922
2.02658706034
0.493612173289
1.41809375349
-0.0581719551734
-0.652901819137
0.528010614443
0.811539668479
-0.700217401783
1.44356525514
2.21347805534
1.12025329835
0.619471721085
-0.292796530832
0.547863898299
-0.778512522469
1.47073806461
1.50214966382
0.385023806637
2.03007720317
0.471966165158
1.6723564012
-0.0314581681845
1.72555433433
1.1565046256
1.24718086349
-0.380175546401
1.75605730864
0.0656344317663
0.848929836933
0.330045965427
1.21490624997
-0.688395321183
1.5133381217
0.00580217576084
0.672261322137
1.28751348017
-0.587551421332
1.04571633353
1.24158610936
0.774290836819
0.731975054375
1.08298923325
0.821374161097
-0.0131066396654
0.143202554688
1.61099079254
0.982294102434
1.13029649206
0.528292709818
-0.423373985616
1.330633029
1.63858226955
-0.0276808093543
1.50154087802
-0.668676975092
0.495266236434
1.35755306278
1.50525456344
-0.606876704904
0.681032292985
0.624964048111
1.16061947243
0.653144953422
1.82079395925
1.80177140966
0.878289550632
0.810332475547
0.656173607397
0.201185252571
-0.396347251061
-0.490750257661
1.05252795167
0.468530978389
0.40656509629
1.91160609071
0.9984388231
0.720913304864
1.00606036292
1.58416386226
1.13880631873
0.0552225936665
0.946372727438
0.621265955008
-0.0973371401397
0.800966677571
-0.369308297942
0.814954047517
-0.0345201296463
0.541583804667
0.778971175193
0.564349434133
-0.797443124303
0.781597542714
-0.71750230513
1.33922820115
0.250053880768
0.359637757759
1.89802191746
0.685541424553
0.0700232472008
0.0185279990395
-0.797406137361
0.387037784526
1.45324569989
0.773951095836
0.679785026639
1.12955769254
0.707370057473
-0.362816350207
1.64409419301
0.600989741532
0.278873830809
0.872978145075
1.02403922022
-0.541367798633
0.833547348348
-0.882349782888
1.9253420625
0.00968485823288
-0.285435664132
0.0126841702494
1.90723779887
0.725321637584
0.806899238788
-0.27096520719
0.674277944533
0.974594419125
1.78426360046
1.94441823317
1.47803258931
0.872825298407
1.49215776626
0.554252008477
0.145584856941
0.520199926465
0.460627675831
0.750484198156
0.0913816363362
-0.140149961315
0.662114769641
-0.499590584817
0.714240204518
1.92461578544
0.265716568588
1.31207300586
1.24401049502
0.183366981025
0.046937654999
1.08483933677
0.256287512
1.91913874838
0.176438847286
-0.6621459582
-0.870080641996
0.204833319406
1.58061340078
1.02317830852
0.950010680983
1.73224556046
1.32535891948
0.090832326916
1.32892269062
2.5606870544
1.99742155388
0.482390935828
0.916978487534
-0.548734341499
1.39240563067
-0.460536879606
0.232252836957
0.556751703504
0.0585623624506
0.876703494725
1.99748060131
1.03847774978
0.998315315401
0.462954276704
0.38998635945
0.775680784311
1.19111204636
1.11298968579
0.261518318429
2.01779914761
-0.701357909783
0.384569957505
1.72631481669
0.833798980442
0.784197624107
1.18353421744
1.34765028103
0.910323727685
1.27647701708
0.736443476184
0.336817063538
1.62873949871
-0.362233050241
0.983552195521
-0.374443590985
-0.78304090747
1.15966331701
1.60920599999
0.493596054032
-0.286371632418
0.64231616535
-0.849616656717
1.0535165749
1.27007712761
0.953161099498
2.74220421394
1.63638783295
0.36258136341
1.98016073859
1.2732612496
1.34275522215
0.0667492520061
1.51630848849
-0.580760171503
0.0449196087214
0.833085582646
2.07300280536
-0.04725624846
0.749862557238
0.796541873295
-0.254674213608
0.00566979313708
1.64668618999
0.346689929521
0.506357209103
1.04469421888
0.729262822371
2.36903217249
-0.79509197215
-0.321965076873
0.61480707294
1.39941206674
0.933966301989
-0.0787488980764
0.910201512926
0.992030483795
-0.518889554753
0.642584083711
1.72820664809
0.976214164651
0.313208349184
-0.243175641749
0.411068763308
-0.693417373621
0.174756390673
1.2435023321
-0.847121463222
0.526179531034
1.53676555688
2.45576505923
-0.247273249929
0.0127043176457
-0.70014505737
0.119309945415
0.372800407916
-0.120505078131
1.32054280146
1.1871774045
0.798248911065
-0.631617363658
0.19017572509
2.11601542749
0.850690823675
2.03028599706
0.718525523703
-0.273179395278
1.42148620263
0.0944230202866
1.13540185568
-0.397654804781
0.633725648221
1.22309425086
-0.0402282795889
2.77909695164
1.01819446743
-0.453264982149
1.66356494986
0.0247949049077
0.248841401461
0.738633230795
1.83936926547
1.36898491262
0.597626331924
1.8056885815
0.147718385367
1.34945725582
1.7351171255
0.441937990283
2.53790697644
2.56212816411
0.0255814570412
-0.453783133884
-0.548544074956
-0.120527808678
1.07198817819
0.902350236894
-0.646201532701
1.04256872024
-0.262515517165
1.42754662694
0.651894818148
-0.0217030660351
0.380811160737
1.33368854436
0.494572828785
0.556494457267
1.21902078407
1.97953593673
0.618755934824
1.39500909204
0.552423218721
0.93708295471
1.72229827361
1.00657211992
0.437813035937
-0.234163286837
0.316923106943
1.13317079038
-0.349991898244
0.206027615574
-1.75715257496
0.433231542237
-0.406303599922
0.823189519622
0.476858842577
-0.153712380764
1.34962430713
0.577163618534
0.427044013559
-0.271716645694
1.06408984951
1.7993285393
-1.76289542216
0.777772606752
0.539552069958
-0.151205576129
0.755070079197
-0.590667587007
0.574128177892
0.222832880042
-0.557194955052
1.69965267545
1.54221406252
-0.216994713665
1.17545087525
-0.216500816989
0.242387579266
0.726037599379
-0.856580460774
0.603324071801
-1.20951302522
0.535364475357
-0.69424088376
0.745322381273
0.390790175488
1.97479921478
-0.0911635524001
0.0293011323948
2.87680863572
2.17380416037
-0.321920756933
1.00144661226
0.0194275851249
-0.600132460069
-0.481025748711
-0.0413195743209
-0.109482397114
0.245231086807
-0.288084590628
0.214549829341
1.89248160446
-0.278722244265
-0.548672419241
1.2970794703
0.356405114938
1.1526933636
2.48964951759
1.84749404074
0.690313950876
-0.0190148402816
0.704208366597
-0.154092931833
0.0679417942333
-0.0153986013412
0.186207326032
-0.696297512385
1.14601216994
0.0108938922858
0.413042377478
1.05317308352
0.909480326213
1.19163685628
0.608674244708
0.909409536129
0.219085824402
1.3602176659
2.28761571226
1.91132019014
0.40122168788
0.14952512012
-0.875840143732
-0.147339470845
1.60726677527
0.57169254219
-1.50151251152
1.87865296704
0.197605850983
-1.62868224988
0.456308221406
-0.364975878688
1.10523719075
-0.0483650555391
1.37721138387
-1.01347778364
0.822456444899
1.34779417032
1.4408606109
-0.116933436327
1.06203619763
1.44891326599
1.04121320717
1.33369165394
1.9427838978
-0.209788185128
1.6799560442
1.49511644141
1.10841441533
0.341069978998
-0.218996271989
1.14904462806
1.02229012475
0.541667459423
0.885792105933
1.23574704728
1.46890376108
-0.726298007312
1.42967644869
1.13104757105
0.613074321906
1.67804747728
0.587762442858
0.482355791545
1.70558928261
-0.261520008049
-0.406782841494
0.741176311919
0.486026324547
0.70019389414
0.918335951567
-0.47963906735
1.80131636931
0.227125832258
-0.460543629015
1.03185070749
0.399751910114
1.59377714627
-0.503195951284
0.726242654029
1.5907799532
0.854552047415
0.449978829611
0.317707081499
0.788695200401
0.496238832709
-0.219103841949
-0.276648753166
-0.0342449244548
1.26359041838
1.41967892558
1.08153114446
0.511458715522
0.807187083135
0.35826242425
0.461854273172
1.0480689453
-0.520921027878
0.238551809474
1.23881860079
0.08243904416
2.16146328405
0.982231373374
1.15683279719
0.815809560125
-0.583478967172
1.05985094268
0.140850427501
-0.0293836548185
0.568421912791
1.14753197196
0.148540181048
0.0928392406346
-0.723617268881
-1.72050771275
1.47366763779
1.5427680129
-0.304274991414
2.23586245585
1.81327506893
0.548732049415
-0.527379014933
1.34577590977
0.341158045024
1.2409412577
0.133008957967
0.993906252182
1.55660548353
1.13716874677
-0.285211221941
0.499764564797
0.399897654592
0.457504107081
0.0519708754214
0.455284684217
1.62297851252
0.652528060462
0.542402796863
0.800768835663
0.559794314927
0.749945238603
1.34767022052
1.4958227877
1.05011496057
2.10448797107
0.799166895481
1.17405921358
-0.216708981775
0.973332819271
-0.848869617691
0.884156965189
1.62668902987
-0.746498429664
1.31407531238
0.0774436672218
-0.720592558651
-0.128567719412
1.09601070842
-0.503264832976
0.126604699613
0.0296862229326
0.835660547095
-1.48759907718
0.743381923169
-0.138546743951
1.61124874275
0.694227588341
1.31457501322
-0.651193507521
0.539383568979
1.83174385676
0.491674151535
1.2819201497
-0.160393735582
1.71621729408
0.557138070811
0.218189952862
0.057137370956
1.16641485507
0.527537017178
0.587640288401
0.837109971657
0.665456782606
1.23310236551
0.930259158679
-0.844137678272
-0.477660194549
1.55616154453
0.71573303241
-0.0788842930058
-0.783889744127
1.09403613274
-0.719568942342
-0.118055564176
0.483827171609
-0.132001971251
1.64998935795
-0.264204355323
-0.675752488637
-0.345475892066
1.34815250029
0.835696213592
0.100982584206
0.0132834528577
1.53551105458
1.11550432344
0.55504861447
1.43967770946
-0.213974038883
1.0730376636
0.534155560554
1.47558197301
-1.47345816809
1.38380001659
0.504912132353
0.559186690038
-0.107660066265
0.31472347022
0.513146427687
0.368014534797
1.05164303251
0.862732870249
1.17809925229
0.365031623438
-0.57091872134
1.46599913781
-0.0809166550443
0.670460898183
1.06139159753
1.69009328334
1.09109084365
-0.44470543217
0.313669437943
0.308107371849
1.34095515698
2.36600543563
1.40094897727
1.70113263155
0.915082098723
0.133918213583
1.06035984595
-0.729291442392
1.49112487173
0.33128978063
1.99493337632
2.06842214738
1.38123257033
2.03024076687
0.624351865385
0.884451919009
1.21771482889
0.392688161385
-0.231534898912
1.04466275668
1.06449261494
-0.163383575976
0.0543804330912
0.341270185088
-0.208424940124
0.796249128326
-0.136179356221
0.162519285358
-0.593486241032
1.46879292249
0.0356860687931
-0.641047775105
0.955802376284
-0.791703287756
0.750854410299
1.07212347804
-0.869023899382
0.669937941879
0.911374397312
2.02581849894
1.58709111241
0.48659486329
-0.582603504624
1.5769365617
1.04799912074
0.358108165329
0.202703831028
-1.02574709008
1.06539717704
0.19751400682
0.0966362500687
0.460758183984
1.89068880763
-0.50052396319
1.61146368793
1.50080850082
0.26787411819
0.79944275369
-0.717885129324
0.24655006536
-0.236453431178
-0.673079154221
2.05316257455
2.03547670713
1.7263259442
-0.126093922188
0.933773617382
0.479586865713
1.01385939945
1.30267136814
-0.738815454428
0.0104778531691
0.774776565542
0.34022176394
-0.151719037584
0.521539850056
1.22381581864
-0.0165394788181
-0.361845107605
0.67650224946
-0.612521087397
0.753191022556
0.642608786264
0.389946297722
-0.0725033225543
-1.11062895273
1.02591167347
-0.747302400632
0.85329498087
0.598587227188
-1.03912026708
0.179140249401
0.707137746296
0.467852835214
1.41543896897
1.45573501034
0.904119741846
0.699196204147
2.48517811772
1.66406003623
1.77625233166
1.59859588787
-0.682556881522
0.493501727
0.610681013795
0.0931817937971
-0.0982902503085
2.16425119514
-0.227243514338
1.81811638546
1.08409105641
0.65297437846
1.5142744512
0.585842394194
-0.534315568787
0.131473576898
-0.722193056791
0.99236750161
