1234.56804694
1234.56791092
1234.56805233
1234.56784979
1234.5675478
1234.56787445
1234.56789466
1234.56802841
1234.5679323
1234.56797998
1234.56793943
1234.56797773
1234.56781744
1234.56786531
1234.56795747
1234.56787871
1234.56776878
1234.56774174
1234.56788443
1234.56782158
1234.56784522
1234.56793728
1234.56786793
1234.56779524
1234.56798385
1234.56806588
1234.56784273
1234.56772817
1234.56789004
1234.56774214
1234.56797192
1234.56809226
1234.56796574
1234.56798629
1234.56740509
1234.56791695
1234.56796171
1234.56774822
1234.56765878
1234.5680102
1234.56805786
1234.56802587
1234.56790725
1234.5679502
1234.56795635
1234.56813367
1234.56802559
1234.56783529
1234.56796398
1234.56778771
1234.56791444
1234.56799366
1234.56789782
1234.56797638
1234.56786585
1234.5678523
1234.56786491
1234.56824465
1234.56786677
1234.56814253
1234.56785485
1234.56805758
1234.56789394
1234.56817152
1234.56801181
1234.56769186
1234.56780254
1234.56799845
1234.56802164
1234.5680477
1234.5676061
1234.56784837
1234.56800243
1234.56795
1234.56802815
1234.56796207
1234.56802
1234.56791658
1234.56793447
1234.56784893
1234.56802447
1234.56779924
1234.56799293
1234.56793418
1234.56777506
1234.56795251
1234.56802441
1234.56794959
1234.56807708
1234.56786987
1234.56788494
1234.56800563
1234.56800971
1234.56786869
1234.56803164
1234.56791919
1234.56775266
1234.56760245
1234.56800824
1234.56785145
1234.56802419
1234.56777793
1234.56787373
1234.56777591
1234.56787241
1234.56784028
1234.56795257
1234.56777242
1234.56793384
1234.56778116
1234.56770564
1234.56800451
1234.5679988
1234.56782188
1234.56791388
1234.56821488
1234.56796143
1234.56797117
1234.56773474
1234.56773063
1234.56793485
1234.56768831
1234.56768119
1234.56800531
1234.5680146
1234.5677703
1234.5678848
1234.56790794
1234.56794834
1234.56781095
1234.56802229
1234.56798791
1234.56762134
1234.56769697
1234.56802139
1234.56782803
1234.56785428
1234.56782511
1234.56790292
1234.56776542
1234.56784207
1234.567943
1234.56779655
1234.56799521
1234.56788916
1234.5679046
1234.56777915
1234.56792314
1234.56792235
1234.56781827
1234.56785801
1234.56783893
1234.56803219
1234.56801698
1234.56791089
1234.56773223
1234.5678872
1234.56766658
1234.56777799
1234.5678548
1234.56791313
1234.56790567
1234.56796959
1234.5677732
1234.56785019
1234.56804554
1234.56781767
1234.56786072
1234.56799151
1234.5679628
1234.56788713
1234.56803472
1234.56800865
1234.56783894
1234.56789284
1234.56778172
1234.56807312
1234.56782301
1234.56778044
1234.56772739
1234.56791627
1234.56788217
1234.5677819
1234.56785016
1234.56785262
1234.567732
1234.56787495
1234.56801999
1234.56782428
1234.5678864
1234.56792073
1234.56819662
1234.56791957
1234.56802607
1234.56783754
1234.56783188
1234.56770685
1234.56786558
1234.56776307
1234.56794268
1234.56772856
1234.56791302
1234.56790766
1234.56779777
1234.56778624
1234.56801139
1234.5679894
1234.56793206
1234.56808438
1234.56775141
1234.56785344
1234.56790223
1234.56800785
1234.56787165
1234.56775895
1234.56785205
1234.56779115
1234.56799432
1234.56766965
1234.56771085
1234.56795978
1234.5678525
1234.56820502
1234.56809481
1234.56782602
1234.56779849
1234.56782595
1234.5678832
1234.56784528
1234.56789006
1234.56799431
1234.56794522
1234.56792827
1234.56797646
1234.56782583
1234.56758281
1234.56796705
1234.56772217
1234.56786302
1234.56786539
1234.56796494
1234.56790792
1234.56793018
1234.5678829
1234.56788072
1234.56797222
1234.56791432
1234.5679927
1234.56796744
1234.56788634
1234.56767762
1234.56791647
1234.56777378
1234.56782631
1234.56801256
1234.56795697
1234.56791555
1234.56794686
1234.56790804
1234.56781894
1234.56773617
1234.56783995
1234.56783496
1234.56795007
1234.56790589
1234.5677243
1234.56760767
1234.56782155
1234.56801122
1234.56768351
1234.5678728
1234.56777624
1234.56811008
1234.56790934
1234.56777779
1234.56780628
1234.56782835
1234.56800371
1234.56793917
1234.56800889
1234.56785793
1234.56789838
1234.56781917
1234.56786378
1234.56793827
1234.5681043
1234.56777689
1234.56789555
1234.56813305
1234.56785958
1234.56781977
1234.56783272
1234.56773784
1234.5677044
1234.56787425
1234.56794852
1234.56782566
1234.56778057
1234.5679646
1234.56792889
1234.56802193
1234.56782909
1234.56781648
1234.56795204
1234.56778986
1234.56781591
1234.56780594
1234.5679539
1234.56793326
1234.5676382
1234.56797582
1234.56785246
1234.56784465
1234.56817953
1234.56806886
1234.56791034
1234.56783628
1234.56795829
1234.56809789
1234.56774926
1234.56804629
1234.56788207
1234.56805401
1234.56785994
1234.56773781
1234.56782893
1234.56807769
1234.56788034
1234.56799188
1234.56785707
1234.56773398
1234.56799105
1234.56796964
1234.56794798
1234.56773428
1234.56801611
1234.56788735
1234.56797721
1234.56784782
1234.56779272
1234.56788286
1234.56799916
1234.56807844
1234.56798641
1234.56794092
1234.56790972
1234.56777872
1234.56779405
1234.56801276
1234.56806344
1234.56791727
1234.56769989
1234.56791747
1234.56794361
1234.56790208
1234.56769862
1234.5678397
1234.56773549
1234.56799052
1234.56784389
1234.5678088
1234.5679399
1234.56788383
1234.56801443
1234.5678954
1234.56783916
1234.56790581
1234.56779106
1234.56789186
1234.56800487
1234.56776836
1234.56797497
1234.56806655
1234.5681907
1234.56790779
1234.56784639
1234.5679235
1234.56801157
1234.56788697
1234.56770207
1234.56789398
1234.56797278
1234.56789282
1234.56801596
1234.56793638
1234.56783163
1234.56798404
1234.56787628
1234.56750093
1234.56789589
1234.56765936
1234.5678107
1234.56798579
1234.56758152
1234.56769039
1234.56789792
1234.56786432
1234.5677849
1234.56788116
1234.56816816
1234.56786995
1234.5675874
1234.56772793
1234.56785237
1234.56793918
1234.56771265
1234.56760595
1234.56778459
1234.56805269
1234.56801997
1234.56771307
1234.56782114
1234.56781569
1234.56779971
1234.56779989
1234.56786136
1234.56768338
1234.56791177
1234.56792537
1234.56767482
1234.56799812
1234.56788399
1234.56806413
1234.56790408
1234.56783984
1234.56790772
1234.56798134
1234.56788504
1234.5677233
1234.56776181
1234.56800819
1234.56774535
1234.56783973
1234.56823805
1234.5677787
1234.56789944
1234.56787852
1234.56767752
1234.56783168
1234.56772608
1234.56787235
1234.56779582
1234.56789098
1234.56795241
1234.56789742
1234.567986
1234.56806738
1234.56784193
1234.5677926
1234.56784466
1234.56803516
1234.56775547
1234.56806032
1234.56794551
1234.56786227
1234.56781047
1234.56792622
1234.56802312
1234.56801616
1234.56788774
1234.56778531
1234.5682006
1234.56783106
1234.56786858
1234.568069
1234.56801441
1234.56784986
1234.56778556
1234.56782407
1234.56786832
1234.56785455
1234.56774644
1234.56821367
1234.56799735
1234.56780732
1234.56786789
1234.56777677
1234.5679567
1234.56771517
1234.56789049
1234.56803241
1234.56801916
1234.56778512
1234.56810441
1234.56796084
1234.56793691
1234.5680052
1234.56809055
1234.56795451
1234.56814853
1234.56782264
1234.56788343
1234.56804057
1234.56810927
1234.56791638
1234.56775645
1234.56781887
1234.5680191
1234.56775149
1234.56770718
1234.56792203
1234.56813661
1234.56794909
1234.56786627
1234.56818924
1234.56769966
1234.56791316
1234.56799407
1234.56780537
1234.56789639
1234.56804364
1234.56786711
1234.56800992
1234.56795746
1234.56788597
1234.56779074
1234.56792924
1234.56786973
1234.56792994
1234.56786739
1234.56797612
1234.56808025
1234.56777986
1234.56799308
1234.5677578
1234.56795664
1234.56791432
1234.56782318
1234.56805417
1234.56789733
1234.56785333
1234.56783076
1234.56791405
1234.56782085
1234.56791135
1234.56773611
1234.56798262
1234.56790555
1234.56799057
1234.56804563
1234.56806321
1234.56789621
1234.56773881
1234.56809946
1234.56787919
1234.5679523
1234.56785611
1234.56790812
1234.56782514
1234.56805394
1234.56791327
1234.56804061
1234.5677589
1234.56796077
1234.56786586
1234.56780441
1234.56774384
1234.56776323
1234.56813431
1234.5680097
1234.56750919
1234.56771173
1234.56777915
1234.56784435
1234.56786224
1234.56784361
1234.56817937
1234.56788587
1234.56797893
1234.56786747
1234.56789395
1234.56784809
1234.56780555
1234.56795436
1234.56786152
1234.56797513
1234.56783174
1234.5676893
1234.56779814
1234.56771964
1234.56768125
1234.56787989
1234.56800393
1234.56811203
1234.56807932
1234.56801286
1234.56774716
1234.56800947
1234.56788535
1234.56780336
1234.567984
1234.5681324
1234.56779807
1234.56800166
1234.56789332
1234.56780643
1234.56795166
1234.56792146
1234.56774667
1234.56782607
1234.5678267
1234.5678654
1234.5679961
1234.56772641
1234.56795144
1234.56789549
1234.56783288
1234.5676604
1234.5680112
1234.56790949
1234.5679344
1234.56768153
1234.56790767
1234.56789605
1234.56788001
1234.56804604
1234.56782515
1234.56789356
1234.56781097
1234.56779462
1234.56803188
1234.56787625
1234.56800686
1234.56798702
1234.56785298
1234.56769062
1234.56783818
1234.56794223
1234.56771112
1234.56783312
1234.56792303
1234.56786742
1234.56792942
1234.56806867
1234.56787187
1234.56787334
1234.56785559
1234.56784081
1234.56782116
1234.56794126
1234.56786587
1234.5678193
1234.56812231
1234.56788087
1234.56774996
1234.56774868
1234.56792341
1234.5678235
1234.56791025
1234.56807057
1234.56779912
1234.56789473
1234.56803493
1234.56816772
1234.56779491
1234.56791364
1234.56801928
1234.56822493
1234.56785102
1234.56814679
1234.56799725
1234.56802577
1234.56801529
1234.56793461
1234.56810426
1234.56783612
1234.56802469
1234.5678369
1234.56770272
1234.56779413
1234.56792464
1234.56769539
1234.56793694
1234.56791039
1234.56786052
1234.56804307
1234.5678731
1234.56800191
1234.56790275
1234.56782742
1234.56795553
1234.56774894
1234.5677161
1234.5679366
1234.56795036
1234.56812945
1234.56771708
1234.56799802
1234.56793307
1234.56774553
1234.56783328
1234.56776805
1234.56789061
1234.56808554
1234.56783791
1234.56792159
1234.56772859
1234.56790794
1234.56780038
1234.56774036
1234.56775999
1234.56766674
1234.56784842
1234.56769297
1234.56769354
1234.5678819
1234.5678125
1234.56803016
1234.56782067
1234.56789921
1234.56771219
1234.56786084
1234.56772535
1234.56791235
1234.56803616
1234.5679594
1234.56780218
1234.56809002
1234.56821033
1234.56773186
1234.56798746
1234.56767841
1234.56793983
1234.56791404
1234.56793884
1234.56782512
1234.56797007
1234.56771022
1234.56792593
1234.5680623
1234.56800132
1234.56797221
1234.56784554
1234.56808176
1234.5678917
1234.567732
1234.5679934
1234.56792432
1234.56803674
1234.56790393
1234.56787338
1234.56781507
1234.56785937
1234.56780935
1234.56814857
1234.56779005
1234.56789115
1234.56775917
1234.56802372
1234.56794737
1234.56769526
1234.56791231
1234.56785028
1234.5678707
1234.56775817
1234.56784518
1234.56795063
1234.56817951
1234.56792559
1234.56797889
1234.56779923
1234.56781709
1234.56813365
1234.56770391
1234.56773548
1234.56788551
1234.5678857
1234.56825511
1234.56812035
1234.56796106
1234.56790426
1234.56785878
1234.5677826
1234.56782104
1234.56780595
1234.56789482
1234.56823444
1234.56785018
1234.56801734
1234.56808797
1234.56802738
1234.56777789
1234.56777234
1234.56794236
1234.56794901
1234.56822552
1234.56791915
1234.5677912
1234.56803818
1234.5678028
1234.56783865
1234.56794084
1234.56784955
1234.56799334
1234.56782102
1234.56787517
1234.56801131
1234.56781995
1234.56794186
1234.56797142
1234.56774177
1234.56774653
1234.56778348
1234.56800136
1234.56804828
1234.56802883
1234.56815743
1234.56788629
1234.56795683
1234.56801494
1234.56805552
1234.56783113
1234.56797378
1234.56803231
1234.5679658
1234.56786404
1234.56797758
1234.56786981
1234.56781335
1234.56803714
1234.56788673
1234.56788597
1234.5679888
1234.56798534
1234.56800593
1234.56799707
1234.5676405
1234.56782358
1234.56798157
1234.56804649
1234.56798188
1234.56776072
1234.56800447
1234.5678465
1234.56780665
1234.56810611
1234.56783837
1234.56784001
1234.56796092
1234.56783483
1234.56794316
1234.56798001
1234.56787262
1234.56801171
1234.56794897
1234.56798117
1234.56776176
1234.56780787
1234.5678881
1234.56790726
1234.56773027
1234.5679539
1234.56791028
1234.56784093
1234.5677791
1234.56765125
1234.56766926
1234.56805491
1234.56762091
1234.56814151
1234.56778587
1234.5681343
1234.56767103
1234.56805077
1234.56802352
1234.5677963
1234.56796106
1234.56808075
1234.5679571
1234.56797324
1234.56799631
1234.56786197
1234.56799433
1234.56801329
1234.56794042
1234.56773354
1234.5680868
1234.56800377
1234.56779887
1234.56777723
1234.56803178
1234.5678026
1234.56801899
1234.56763834
1234.56811074
1234.5675978
1234.56793273
1234.56782007
1234.56801248
1234.5678886
1234.56790338
1234.56791155
1234.56779935
1234.56788285
1234.56782166
1234.56803377
1234.56782843
1234.56766408
1234.56807747
1234.56791141
1234.56789216
1234.56770925
1234.56809745
1234.56793751
1234.56785853
1234.56791255
1234.56788506
1234.5678748
1234.5678253
1234.56789067
1234.56796649
1234.56790936
1234.56791729
1234.56802208
1234.56782774
1234.5678851
1234.56794091
1234.56785349
1234.56797092
1234.56798618
1234.56779347
1234.56779469
1234.56816293
1234.56814795
1234.56802136
1234.5678409
1234.56793332
1234.56783192
1234.56789614
1234.56770768
1234.56781094
1234.56775844
1234.56782886
1234.56803853
1234.56797645
1234.56781526
1234.56799007
1234.56782376
1234.56793301
1234.56811843
1234.56806039
1234.56799778
1234.56790073
1234.56802458
1234.56803416
1234.56780718
1234.56788474
1234.56794964
1234.56802196
1234.56774262
1234.56803312
1234.56793513
1234.56781114
1234.56797934
1234.56792009
1234.56792771
1234.56784129
1234.56799457
1234.56799074
1234.56772132
1234.56806828
1234.56778189
1234.56798396
1234.56783707
1234.56777346
1234.56786762
1234.56777861
1234.56781652
1234.56797729
1234.56798907
1234.56804872
1234.56789734
1234.5678443
1234.5678758
1234.56787707
1234.56791802
1234.56782949
1234.56785116
1234.5679359
1234.56795203
1234.56789126
1234.56798085
1234.56796995
1234.56799957
1234.56795968
1234.56785181
1234.56805377
1234.56790892
1234.56763735
1234.56796742
1234.56786591
1234.56796292
1234.56787604
1234.56793214
1234.56771841
1234.5678557
1234.56781928
1234.5678712
1234.5678347
1234.56787757
1234.56757143
1234.56793118
1234.56791174
1234.56794767
1234.56786127
1234.56789613
1234.56771633
1234.56788886
1234.5679678
1234.5677429
1234.56768791
1234.56785052
1234.56798364
1234.56787987
1234.56787633
1234.5679754
1234.56792785
1234.56783675
1234.56777492
1234.56768384
1234.56777143
1234.56792421
1234.56782308
1234.56801421
1234.56808969
1234.56792153
1234.56806199
1234.56799386
1234.56786702
1234.56815735
1234.56803342
1234.56794218
1234.56775627
1234.56787635
1234.56772737
1234.56789639
1234.56777796
1234.56783204
1234.56782086
1234.56788858
1234.56782565
1234.56768141
1234.56786704
1234.56798293
1234.56790208
1234.56783518
1234.56788456
1234.56790603
1234.56813155
1234.56791137
1234.56775861
1234.56781346
1234.56783957
1234.56781563
1234.5676662
1234.56781502
1234.56784048
1234.56772517
1234.56776992
1234.56774445
1234.56787104
1234.56788976
1234.56776423
1234.56799514
1234.56761522
1234.56795396
1234.56800769
1234.56800651
1234.56789621
1234.567954
1234.56788427
1234.56769435
1234.56781723
1234.56811735
1234.56783312
1234.56823847
1234.56760301
1234.56768169
1234.56784375
1234.56792846
1234.56785196
1234.56785323
1234.56790563
1234.56785779
1234.56787409
1234.56785428
1234.5680838
1234.56796782
1234.56778967
1234.56780338
1234.56773143
1234.56800204
1234.5679547
1234.56780024
1234.5678375
1234.56792974
1234.56782371
1234.5677492
1234.56788371
1234.56788289
1234.56787296
1234.56767092
1234.5681051
1234.56786032
1234.56793225
1234.56780383
1234.56782584
1234.56775708
1234.5679136
1234.5679612
1234.56806165
1234.56800613
1234.56786567
1234.56779889
1234.56794748
1234.56777126
1234.56798442
1234.56794737
1234.56797916
1234.56781184
1234.56822615
1234.56806838
1234.5679191
1234.56768346
1234.56786896
1234.56796158
1234.56778639
1234.56776547
1234.56777779
1234.56783442
1234.56775745
1234.56795833
1234.56800805
1234.56800083
1234.56761736
1234.56777817
1234.56786308
1234.5677339
1234.56786559
1234.5680032
1234.56801622
1234.56787932
1234.5679662
1234.5679416
1234.56788646
1234.56783232
1234.56793793
1234.56785892
1234.56787712
1234.56789295
1234.56783547
1234.56777124
1234.56818141
1234.56807606
1234.56791615
1234.56791649
1234.56788792
1234.56764526
1234.56789912
1234.56809403
1234.56787422
1234.56758735
1234.56797777
1234.56781248
1234.56773124
1234.56795877
1234.56793726
1234.56814994
1234.56789483
1234.56804562
1234.56793212
1234.56784614
1234.56789459
1234.56772677
1234.56793278
1234.56781238
1234.56781872
1234.56794026
1234.56782383
1234.56785944
1234.56806974
1234.56792382
1234.56791502
1234.56782803
1234.56788655
1234.56780238
1234.56782704
1234.56796665
1234.5679965
1234.56799547
1234.56810456
1234.56789003
1234.56785018
1234.56789391
1234.56787124
1234.56769349
1234.56810069
1234.56780306
1234.56813202
1234.56799573
1234.56782542
1234.56798788
1234.56794138
1234.56796172
1234.56800366
1234.56774986
1234.56792059
1234.56788122
1234.56809164
1234.56769882
1234.5680243
1234.56831616
1234.56802672
1234.56772847
1234.56799172
1234.56792299
1234.56785207
1234.56797556
1234.5678413
1234.56787356
1234.56795216
1234.56794771
1234.56786493
1234.56801631
1234.56801945
1234.56774874
1234.56793485
1234.56792571
1234.56792558
1234.56788355
1234.56775044
1234.56782765
1234.56797229
1234.56797122
1234.56785959
1234.56786268
1234.56801197
1234.56794631
1234.56788455
1234.56807709
1234.56781442
1234.56792314
1234.56778874
1234.56794896
1234.56771192
1234.56788167
1234.5679197
1234.56798048
1234.56790039
1234.56820225
1234.56781308
1234.56784202
1234.56774354
1234.56793813
1234.56771477
1234.56780063
1234.56797475
1234.5679485
1234.56794259
1234.56805344
1234.56802101
1234.56795328
1234.56782678
1234.56786574
1234.56795008
1234.56795544
1234.56785328
1234.56811676
1234.56786863
1234.56801827
1234.56777932
1234.56768305
1234.5678742
1234.56792009
1234.5676754
1234.56802239
1234.56814701
1234.56797006
1234.567889
1234.56774134
1234.56787741
1234.56766272
1234.56802679
1234.56803188
1234.56785106
1234.56811733
1234.56786513
1234.56805943
1234.56778364
1234.56806804
1234.56797593
1234.56799061
1234.5677272
1234.56807297
1234.56779936
1234.56792614
1234.56784216
1234.56798538
1234.56767731
1234.56803369
1234.56778967
1234.56789755
1234.56799713
1234.56769363
1234.567958
1234.5679897
1234.56791406
1234.56790721
1234.56796403
1234.56792168
1234.56778661
1234.56781191
1234.56804949
1234.56794773
1234.56797169
1234.56787424
1234.56772021
1234.56800411
1234.56805396
1234.56778425
1234.56803178
1234.5676805
1234.5678689
1234.56800847
1234.56803238
1234.5676905
1234.56789897
1234.56788989
1234.56797659
1234.56789445
1234.56808345
1234.56808037
1234.5679309
1234.5679199
1234.56789494
1234.5678213
1234.56772458
1234.5677093
1234.5679591
1234.56786457
1234.56785454
1234.56809815
1234.56795034
1234.56790542
1234.56795158
1234.56804515
1234.56797306
1234.56779767
1234.56794192
1234.56788929
1234.56777298
1234.56791838
1234.56772896
1234.56792064
1234.56778315
1234.5678764
1234.56791482
1234.56788008
1234.56765966
1234.56791525
1234.5676726
1234.5680055
1234.56782921
1234.56784695
1234.56809595
1234.5678997
1234.56780007
1234.56779173
1234.56765966
1234.56785138
1234.56802396
1234.56791401
1234.56789877
1234.56797157
1234.56790323
1234.56773001
1234.56805485
1234.56788601
1234.56783387
1234.56793004
1234.56795449
1234.56770111
1234.56792365
1234.56764592
1234.56810037
1234.5677903
1234.56774253
1234.56779079
1234.56809744
1234.56790614
1234.56791934
1234.56774488
1234.56789787
1234.56794648
1234.56807754
1234.56810346
1234.56802797
1234.56793001
1234.56803026
1234.56787845
1234.5678123
1234.56787294
1234.56786329
1234.56791021
1234.56780353
1234.56776605
1234.56789591
1234.56770787
1234.56790434
1234.56810026
1234.56783174
1234.56800111
1234.56799009
1234.56781841
1234.56779633
1234.56796433
1234.56783022
1234.56809937
1234.56781729
1234.56768156
1234.5676479
1234.56782189
1234.56804458
1234.56795435
1234.56794251
1234.56806912
1234.56800326
1234.56780344
1234.56800384
1234.56820321
1234.56811204
1234.56786682
1234.56793716
1234.56769992
1234.56801411
1234.56771419
1234.56782633
1234.56787885
1234.56779821
1234.56793064
1234.56811205
1234.56795682
1234.56795032
1234.56786367
1234.56785186
1234.56791429
1234.56798153
1234.56796889
1234.56783106
1234.56811534
1234.56767521
1234.56785098
1234.56806816
1234.56792369
1234.56791567
1234.5679803
1234.56800687
1234.56793608
1234.56799535
1234.56790794
1234.56784325
1234.56805237
1234.5677301
1234.56794793
1234.56772813
1234.56766199
1234.56797644
1234.5680492
1234.56786863
1234.56774238
1234.5678927
1234.56765121
1234.56795926
1234.56799431
1234.56794302
1234.56823259
1234.5680536
1234.56784742
1234.56810925
1234.56799483
1234.56800608
1234.56779954
1234.56803417
1234.56769473
1234.56779601
1234.56792358
1234.56812427
1234.56778109
1234.56791011
1234.56791766
1234.56774751
1234.56778965
1234.56805527
1234.56784485
1234.56787069
1234.56795783
1234.56790677
1234.56817219
1234.56766004
1234.56773662
1234.56788825
1234.56801525
1234.56793991
1234.56777599
1234.56793606
1234.56794931
1234.56770475
1234.56789274
1234.56806847
1234.56794675
1234.56783943
1234.56774937
1234.56785527
1234.5676765
1234.56781702
1234.56799001
1234.56765162
1234.5678739
1234.56803748
1234.56818623
1234.56774871
1234.56779079
1234.56767541
1234.56780805
1234.56784908
1234.56776923
1234.56800248
1234.56798089
1234.56791794
1234.5676865
1234.56781952
1234.56813124
1234.56792643
1234.56811736
1234.56790504
1234.56774452
1234.56801882
1234.56780402
1234.56797251
1234.56772437
1234.56789131
1234.56798671
1234.56778222
1234.56823856
1234.56795354
1234.56771537
1234.568058
1234.56779275
1234.56782901
1234.56790829
1234.56808646
1234.56801032
1234.56788547
1234.56808101
1234.56781264
1234.56800716
1234.56806958
1234.56786027
1234.56819953
1234.56820345
1234.56779288
1234.56771528
1234.56769995
1234.56776923
1234.56796225
1234.56793479
1234.56768414
1234.56795749
1234.56774624
1234.5680198
1234.56789425
1234.56778522
1234.56785037
1234.56800461
1234.56786879
1234.56787881
1234.56798605
1234.56810915
1234.56788889
1234.56801453
1234.56787815
1234.56794041
1234.56806751
1234.56795166
1234.5678596
1234.56775083
1234.56784003
1234.56797215
1234.56773208
1234.56782208
1234.56750432
1234.56785886
1234.56772297
1234.56792198
1234.56786592
1234.56776385
1234.56800719
1234.56788216
1234.56785786
1234.56774475
1234.56796097
1234.56807998
1234.56750339
1234.56791463
1234.56787607
1234.56776426
1234.56791095
1234.56769313
1234.56788166
1234.5678248
1234.56769855
1234.56806384
1234.56803836
1234.56775361
1234.567979
1234.56775369
1234.56782797
1234.56790625
1234.56765009
1234.56788639
1234.56759296
1234.56787539
1234.56767636
1234.56790937
1234.56785199
1234.56810838
1234.56777398
1234.56779348
1234.56825438
1234.56814059
1234.56773663
1234.56795083
1234.56779188
1234.5676916
1234.56771087
1234.56778205
1234.56777101
1234.56782843
1234.5677421
1234.56782346
1234.56809506
1234.56774362
1234.56769993
1234.56799868
1234.56784642
1234.56797531
1234.56819171
1234.56808777
1234.56790047
1234.56778566
1234.56790272
1234.56776379
1234.56779973
1234.56778624
1234.56781887
1234.56767603
1234.56797423
1234.5677905
1234.56785559
1234.5679592
1234.56793594
1234.56798162
1234.56788726
1234.56793593
1234.5678242
1234.5680089
1234.56815901
1234.5680981
1234.56785368
1234.56781294
1234.56764697
1234.56776489
1234.56804889
1234.56788127
1234.5675457
1234.56809282
1234.56782072
1234.56752511
1234.56786259
1234.56772966
1234.56796763
1234.56778091
1234.56801165
1234.56762469
1234.56792186
1234.56800689
1234.56802196
1234.56776981
1234.56796064
1234.56802326
1234.56795727
1234.56800461
1234.5681032
1234.56775478
1234.56806066
1234.56803074
1234.56796814
1234.56784394
1234.56775329
1234.56797472
1234.5679542
1234.56787641
1234.56793211
1234.56798875
1234.56802649
1234.56767117
1234.56802014
1234.56797181
1234.56788797
1234.56806035
1234.56788387
1234.56786681
1234.5680648
1234.5677464
1234.56772289
1234.5679087
1234.5678674
1234.56790207
1234.56793738
1234.5677111
1234.5680803
1234.5678255
1234.56771419
1234.56795575
1234.56785344
1234.56804671
1234.56770729
1234.56790629
1234.56804622
1234.56792705
1234.56786157
1234.56784016
1234.56791639
1234.56786906
1234.56775327
1234.56774396
1234.56778319
1234.56799326
1234.56801853
1234.56796379
1234.56787152
1234.56791939
1234.56784672
1234.56786349
1234.56795838
1234.56770442
1234.56782735
1234.56798925
1234.56780208
1234.56813859
1234.56794772
1234.56797598
1234.56792078
1234.56769429
1234.56796028
1234.56781153
1234.56778398
1234.56788074
1234.56797448
1234.56781278
1234.56780376
1234.56767161
1234.56751025
1234.56802727
1234.56803845
1234.56773948
1234.56815064
1234.56808223
1234.56787755
1234.56770337
1234.56800656
1234.56784396
1234.5679896
1234.56781026
1234.56794961
1234.56804069
1234.5679728
1234.56774257
1234.56786963
1234.56785346
1234.56786279
1234.56779715
1234.56786243
1234.56805143
1234.56789435
1234.56787653
1234.56791835
1234.56787934
1234.56791012
1234.56800687
1234.56803085
1234.56795871
1234.56812937
1234.56791809
1234.56797877
1234.56775366
1234.56794628
1234.56765133
1234.56793185
1234.56805203
1234.5676679
1234.56800143
1234.56780127
1234.5676721
1234.56776792
1234.56796614
1234.56770728
1234.56780923
1234.56779354
1234.567924
1234.56754795
1234.56790906
1234.56776631
1234.56804953
1234.5679011
1234.56800151
1234.56768333
1234.56787604
1234.56808522
1234.56786832
1234.56799623
1234.56776277
1234.56806652
1234.56787891
1234.56782405
1234.56779798
1234.56797753
1234.56787412
1234.56788385
1234.56792423
1234.56789645
1234.56798833
1234.56793931
1234.5676521
1234.56771142
1234.56804062
1234.56790458
1234.56777597
1234.56766185
1234.56796582
1234.56767226
1234.56776963
1234.56786705
1234.56776737
1234.56805581
1234.56774597
1234.56767936
1234.56773282
1234.56800695
1234.567924
1234.56780508
1234.56779088
1234.56803728
1234.56796929
1234.56787858
1234.56802176
1234.5677541
1234.56796242
1234.56787519
1234.56802758
1234.56755024
1234.56801272
1234.56787046
1234.56787925
1234.56777131
1234.56783968
1234.56787179
1234.5678483
1234.56795896
1234.56792838
1234.56797942
1234.56784782
1234.56769632
1234.56802602
1234.56777564
1234.56789726
1234.56796053
1234.5680623
1234.56796534
1234.56771675
1234.56783951
1234.56783861
1234.56800578
1234.5681717
1234.56801549
1234.56806408
1234.56793685
1234.56781041
1234.56796037
1234.56767069
1234.56803009
1234.56784236
1234.56811164
1234.56812353
1234.5680123
1234.56811735
1234.56788979
1234.56793189
1234.56798584
1234.5678523
1234.56775126
1234.56795783
1234.56796104
1234.56776229
1234.56779754
1234.56784397
1234.567755
1234.56791762
1234.56776669
1234.56781504
1234.56769267
1234.56802648
1234.56779451
1234.56768497
1234.56794344
1234.56766059
1234.56791027
1234.56796227
1234.56764807
1234.56789717
1234.56793625
1234.56811664
1234.56804562
1234.5678675
1234.56769443
1234.56804398
1234.56795837
1234.5678467
1234.56782154
1234.56762271
1234.56796118
1234.5678207
1234.56780438
1234.56786331
1234.56809477
1234.56770772
1234.56804957
1234.56803166
1234.56783209
1234.56791813
1234.56767254
1234.56782864
1234.56775046
1234.56767979
1234.56812106
1234.5681182
1234.56806816
1234.56776832
1234.56793988
1234.56786636
1234.56795284
1234.56799959
1234.56766915
1234.56779043
1234.56791414
1234.5678438
1234.56776418
1234.56787315
1234.56798682
1234.56778606
1234.56773017
1234.56789823
1234.56768959
1234.56791065
1234.56789275
1234.56785185
1234.567777
1234.56760897
1234.56795479
1234.56766777
1234.56792685
1234.56788562
1234.56762054
1234.56781773
1234.56790319
1234.56786446
1234.56801784
1234.56802436
1234.56793508
1234.56790191
1234.56819099
1234.56805808
1234.56807624
1234.56804749
1234.56767825
1234.56786861
1234.56788758
1234.56780382
1234.56777283
1234.56813904
1234.56775195
1234.56808302
1234.56796421
1234.56789443
1234.56803384
1234.56788356
1234.56770225
1234.56781002
1234.56767184
1234.56794936
