10.2601384527
8.75718779872
10.3196723326
8.08178942571
4.74523368909
8.35428733704
8.57758135223
10.0553199138
8.99343610467
9.52031195334
9.07219082572
9.49540242522
7.72438717172
8.253264489
9.27156690006
8.40130900386
7.18675377213
6.88796495501
8.4645331935
7.77011697097
8.03129759983
9.04843210594
8.28222681797
7.4791452892
9.56303764243
10.4693886426
8.00381811882
6.7380652303
8.52650502513
6.89238119006
9.43121047814
10.7608693485
9.36297587794
9.58996050429
3.16839470995
8.8238371097
9.31845486848
6.95957199112
5.97137534712
9.85410291142
10.3807622499
10.027307489
8.71663550211
9.19123679908
9.25916691241
11.2183809696
10.0242529004
7.92158432712
9.34349245453
7.39592245106
8.79610320882
9.67140739863
8.6125499447
9.48046016839
8.25929999702
8.10955937107
8.24892348737
12.4444990853
8.26938675865
11.3162877311
8.13769002809
10.3776203481
8.5695913328
11.6365105939
9.87198098548
6.33683886368
7.55979460279
9.72438995601
9.98055819759
10.2685197964
5.3893034708
8.0661385157
9.76828729846
9.18899977788
10.0524774487
9.32233828455
9.96238634243
8.81973793535
9.0174697865
8.07234971038
10.0117850879
7.52331837948
9.6633141006
9.01419702516
7.25610800361
9.21675060147
10.011199234
9.18450631151
10.5930754661
8.30366997024
8.47022313878
9.80371408474
9.84876649186
8.29069004872
10.0910107247
8.84860205327
7.00869387844
5.34905602412
9.83255075745
8.10017048699
10.0086833433
7.28785778468
8.3462989901
7.26552938037
8.33177380005
7.97670315788
9.2174461818
7.22696314127
9.01045067005
7.32354971485
6.48911560034
9.79132760798
9.72823384863
7.77347800017
8.78995591708
12.1156280063
9.31529607129
9.42296288368
6.81071294959
6.76524646907
9.021664574
6.29769079204
6.21905075527
9.8000796823
9.90273565839
7.20350115472
8.46860421667
8.7243121843
9.17065784546
7.65268970031
9.98773909974
9.60793455922
5.55767640083
6.39331712453
9.97774622549
7.84141471255
8.13141087333
7.80919056996
8.66889295087
7.14960372878
7.99654804317
9.11166931045
7.49361226802
9.68853984031
8.51676512685
8.68741745338
7.30131830421
8.89227877368
8.88347338001
7.73352232571
8.17267449904
7.96186162898
10.0971651757
9.92911412183
8.75690123245
6.78297241591
8.49510859245
6.05757107563
7.28846930888
8.13716614481
8.7816024276
8.69919815867
9.40544564949
7.23558837523
8.08624577921
10.2445993978
7.72697882978
8.20262185503
9.64769392753
9.33039672901
8.49439812422
10.1251157699
9.83707481438
7.9619539205
8.55751809232
7.32969676232
10.5493818755
7.78591836616
7.31560602792
6.72948537298
8.81629704991
8.43959842014
7.33174550305
8.08593887231
8.11308680878
6.78041961099
8.35983293147
9.96234333639
7.79997991044
8.48631680187
8.86559362709
11.9138620491
8.85276364518
10.0295270939
7.94644266649
7.88397988552
6.50248555532
8.25626695085
7.12370047804
9.10819087679
6.74233085578
8.78042357395
8.72117134637
7.50708221374
7.37968178746
9.86730330287
9.62434710822
8.99084493931
10.673767336
6.99482812975
8.12213237924
8.66118785449
9.82822458282
8.32340336288
7.07819888202
8.10679137608
7.4339403534
9.67868298285
6.09148152296
6.54667241846
9.29705903855
8.11181629396
12.0067041343
10.7890042649
7.81917170678
7.51503347896
7.81836813279
8.45100087937
8.03204134043
8.52680030654
9.67863122523
9.13616863725
8.94895174226
9.48140750324
7.81705225792
5.13206510646
9.37740170753
6.67177671323
8.22796825987
8.25422589387
9.35407627379
8.72406054963
8.97006898999
8.44760893918
8.42350671547
9.43447965717
8.79478634528
9.66079302769
9.3817235878
8.48568630997
6.17950147015
8.8185590386
7.24203171998
7.82238539065
9.88022403281
9.26607458226
8.80836095613
9.15431971126
8.72545106782
7.74097486222
6.82646993642
7.97312658419
7.91800505604
9.18974685244
8.70160519609
6.69529869523
5.4067328615
7.76977261785
9.86546412957
6.2445949784
8.33604695661
7.26917418853
10.9576793852
8.73981601308
7.28630165008
7.60106768497
7.84489494049
9.78249238907
9.06937450396
9.83968365488
8.17173663205
8.61870279572
7.74353412477
8.23639492648
9.05942381287
10.8938470826
7.27638802475
8.58742637831
11.2114930258
8.18997410428
7.75010003157
7.8932420894
6.84496393435
6.47540245784
8.35212000081
9.17269145825
7.81524717924
7.3170150475
9.35028732873
8.95574824811
9.98377795117
7.85313679771
7.71378556381
9.21158113524
7.41968590974
7.70749023787
7.59733365874
9.23214075127
9.00401473453
5.74401935423
9.47431452096
8.11133877125
8.02506073007
11.7250274485
10.5022826353
8.7508411521
7.93251446727
9.28063828296
10.8230710176
6.97111358489
10.2528662778
8.43844010646
10.3382191085
8.19395317403
6.84461747087
7.85132223194
10.5998064164
8.4193524958
9.65169670668
8.16223421992
6.80224179946
9.64253310072
9.40605933463
9.16670203731
6.8056329019
9.91941562056
8.49682897344
9.48970594352
8.06001757661
7.45122682614
8.44718770176
9.73217835558
10.6081507984
9.59134612031
9.08872290721
8.74394749598
7.29655495475
7.46596416389
9.882456386
10.4424348959
8.82742799058
6.42555569914
8.82960223506
9.1184390923
8.65961042339
6.41159662399
7.97033480131
6.81889276423
9.63672618724
8.01659098001
7.6289096718
9.07742737144
8.45793933634
9.90088831513
8.58572715145
7.96442152197
8.70073014723
7.43294992822
8.54663217646
9.79529785354
7.18212254688
9.46486128921
10.4767608942
11.8484731945
8.72268902939
8.04420936208
8.8961856779
9.86934383848
8.49266427517
6.44964592998
8.57001577168
9.44071577893
8.55727926432
9.91780886293
9.03853031757
7.88122313769
9.56510674599
8.37449145053
4.22730476636
8.5911171847
5.97780130374
7.64988364806
9.58445658876
5.1177881874
6.32066229306
8.61360472695
8.24238802629
7.36483655126
8.4284106485
11.5994023576
8.30458356635
5.18277485152
6.73538311636
8.11029090782
9.06945374586
6.56657574595
5.38770066086
7.36149390979
10.3236140773
9.96215860319
6.57123051258
7.76532670372
7.70505011919
7.52852893757
7.53044436251
8.20962813188
6.24320584519
8.76665037777
8.91691248511
6.14857645301
9.72072270297
8.45970053161
10.4500728762
8.68167030387
7.9718403194
8.72191522566
9.53529754647
8.47130173812
6.68424782111
7.10979601156
9.83194540484
6.92792552259
7.97069345772
12.3716028019
7.29635420469
8.63034746728
8.39920392809
6.17847746749
7.88169138681
6.71498015882
8.3311016048
7.48552074607
8.5369387699
9.21564712355
8.60809417189
9.58673403275
10.4858858911
7.9949249297
7.44995257545
8.02518742037
10.1299391325
7.03967084047
10.4078856505
9.13940748995
8.21968464541
7.64741871158
8.92629984616
9.99695096518
9.92004879383
8.5010925976
7.36944745343
11.9578026458
7.87489359373
8.28947867666
10.5038420536
9.90062226789
8.08257114083
7.37216934818
7.7976648962
8.28653126257
8.13436492425
6.93988008989
12.1022777451
9.71212659159
7.61254204025
8.28184438897
7.27507826318
9.263002036
6.59448969674
8.53150207962
10.099590969
9.95312605554
7.36727586909
10.8950310917
9.30875550177
9.04444607559
9.7989287917
10.7419568478
9.23884134342
11.3825140424
7.78182432152
8.45350044914
10.1896714464
10.9487606355
8.81759187907
7.05052236267
7.74019918207
9.95250560729
6.99568682178
6.50616523071
8.8800378048
11.2508336407
9.17893600729
8.26391364476
11.832383671
6.42302368478
8.78198011181
9.67597188755
7.59101800507
8.5967181834
10.2236742155
8.2731709065
9.85102447731
9.27139580375
8.48154440007
7.42938042389
8.95963887763
8.30211983189
8.96740162943
8.27627344136
9.47761686896
10.6281141976
7.30914094446
9.66498117645
7.06548862587
9.26234820442
8.79484879465
7.78779433828
10.3400193185
8.60709330525
8.12095220673
7.87156120299
8.79185199092
7.76206653331
8.76196744242
6.82580638482
9.54944241644
8.6978536619
9.63727830506
10.2456385644
10.4398730226
8.59468678762
6.85565676358
10.8403383481
8.40666678157
9.21446957248
8.15160880509
8.72635059608
7.80943107669
10.3374117982
8.78320898219
10.1901989972
7.07760278288
9.30805829171
8.25942405015
7.58046468015
6.91121487807
7.12542888634
11.2254764703
9.8486512758
4.31866248253
6.55639004825
7.30134005068
8.0217534852
8.21938785447
8.01351077362
11.7232590405
8.48048504975
9.50862947735
8.27715056216
8.56976845832
8.06309281489
7.59300841939
9.23718608018
8.2114039389
9.4666465353
7.88243495447
6.3085651239
7.51111977958
6.64381453658
6.21967925908
8.4143632696
9.78484349573
10.979275437
10.6178192736
9.88350322922
6.94790626707
9.84605576462
8.47470377807
7.56887078879
9.56471368568
11.2043592151
7.51040866999
9.75977259703
8.56279641079
7.60278243743
9.20731514595
8.87367077217
6.94243813522
7.81973840554
7.82671438873
8.2542775815
9.69831947407
6.71861659811
9.2049569258
8.58670420542
7.89500211738
5.98926800528
9.86515555686
8.74145823167
9.01668639611
6.22271547667
8.72135998625
8.59292984635
8.41572139674
10.2501118236
7.8095990838
8.56545777878
7.65292790926
7.47229713341
10.0936960356
8.37415944065
9.81728194909
9.59800900682
8.11709361857
6.32322287982
7.95360058965
9.10312605983
6.54963712289
7.89761888251
8.89107043847
8.27663408242
8.96165132987
10.5001695294
8.3257955065
8.34205680478
8.14585414113
7.98256051065
7.76549835454
9.09245848782
8.25954158702
7.74491268065
11.0928764739
8.42524192795
6.97879188205
6.96463133941
8.89522288038
7.79133640717
8.7497981949
10.5211555275
7.52196882739
8.57838538479
10.1274227064
11.5945980895
7.47551221368
8.78724398016
9.95446841845
12.226670593
8.09537402521
11.3632766686
9.71104799351
10.026175241
9.91036525474
9.01901902389
10.8933664689
7.93081122327
10.0142032147
7.93940837156
6.45691846719
7.46686586123
8.90883643311
6.37587571389
9.04476405928
8.75141785658
8.20036331772
10.2173102828
8.33936857248
9.76260920673
8.66691413802
7.83468091748
9.25006650007
6.96756469015
6.60468134443
9.04097466634
9.19304102079
11.1717308411
6.61555246816
9.7195423202
9.00196232898
6.92988808226
7.89940998915
7.17869734956
8.53279119177
10.6865794131
7.9505747724
8.87511019796
6.74266442473
8.72430070297
7.53591842626
6.8727141659
7.08961722913
6.05938328201
8.06665016112
6.34917086309
6.3554184361
8.4365842581
7.66983676947
10.0746560647
7.76008105802
8.62787762739
6.56154835138
8.20389975571
6.70692723855
8.77300317047
10.1410124349
9.29283653917
7.55579163525
10.7360474166
12.0653368202
6.77889205068
9.60285743403
6.18830646299
9.07664780701
8.79169217119
9.06566558913
7.8092438547
9.41075209238
6.5397141127
8.92312787518
10.4298476737
9.75604932898
9.43440255384
8.03489882612
10.6447838469
8.54483075464
6.78039838252
9.66849801286
8.90533193481
10.1473465968
8.68001081292
8.34251863778
7.69817929543
8.18772539172
7.63502023188
11.3829614803
7.42173456036
8.53883851988
7.08059701636
10.0035823759
9.15999647119
6.37449452629
8.77260976636
8.08719205327
8.31290546934
7.06954117574
8.03087256957
9.19598033738
11.7247878262
8.91936513296
9.50823828892
7.52317082845
7.72057857883
11.2181656047
6.47006292181
6.81883591806
8.47649481195
8.47856213984
12.5601164433
11.0711814171
9.31119506253
8.68368204769
8.18117770892
7.33941569171
7.76412618128
7.59745381906
8.57933418707
12.3317506224
8.08613603189
9.93304018069
10.7133992842
10.044013677
7.28737971209
7.22608554811
9.10459527281
9.17803053535
12.2331528021
8.84816682069
7.43448246661
10.1632722119
7.5626033826
7.95873466601
9.08781650828
8.07915366596
9.66789055455
7.76395598785
8.36227068467
9.86647287038
7.7521800405
9.09903900673
9.42569294648
6.88834439969
6.94095871326
7.34919091388
9.75648773693
10.274874762
10.0600000197
11.4809149338
8.48510597071
9.2644552713
9.90653741984
10.3548929081
7.87570679046
9.45174198623
10.0984232447
9.36357700447
8.23928128243
9.49378736437
8.3030640528
7.67921038122
10.1517926888
8.49001865368
8.48154474033
9.61768762927
9.57951198898
9.8070074405
9.70909434392
5.76939425569
7.79228446667
9.53780987114
10.2551401413
9.54123988991
7.09769453269
9.79090265069
8.04550664567
7.60517424229
10.913795484
7.95563429117
7.97372512752
9.30965220136
7.91654614903
9.11348794973
9.52059217625
8.33404169488
9.87089476263
9.17764470346
9.53340921185
7.10914916947
7.61867845235
8.50504810276
8.71682161938
6.76124364427
9.23210745856
8.75015959019
7.98391244991
7.30083938912
5.88817761597
6.08717137621
10.3481453385
5.5529445071
11.3050257414
7.37556076225
11.2252790343
6.10677127896
10.3024284234
10.0012829985
7.49084945537
9.31119197977
10.6336271979
9.2674628756
9.44582209895
9.70074409631
8.21644214699
9.67886828528
9.88830566918
9.08313613168
6.79740324194
10.7004469598
9.78314525874
7.51925510021
7.2800814014
10.0925996509
7.56043011912
9.95124996779
5.74558786014
10.9649572181
5.29759568242
8.99818044657
7.75345355389
9.87936486251
8.51062225136
8.67389943479
8.76416602402
7.52454661214
8.44713161175
7.77101371497
10.1145759479
7.84578188998
6.02999262395
10.5973787804
8.76270282727
8.54997548297
6.52901639135
10.8181656414
9.05104292548
8.1783980158
8.77520538951
8.47153571191
8.35814381703
7.81122463689
8.53354925973
9.37122726879
8.7400406578
8.82764459441
9.9854081979
7.83815964693
8.47193447469
9.08857886532
8.12269580987
9.42017998358
9.58878154812
7.45950335457
7.47298647501
11.5416769674
11.3760747539
9.97746246478
7.98364492154
9.00469132984
7.88441826751
8.59398119459
6.51169922634
7.65262258644
7.07253392758
7.85057424346
10.1671667145
9.48131260061
7.70031945973
9.631693493
7.79422888622
9.00126371593
11.0499350275
10.4087245251
9.71698352416
8.64468320303
10.0130491228
10.118891869
7.61104073241
8.46799782084
9.18506852665
9.98410075328
6.89769213397
10.1073599603
9.02470383088
7.6547720306
9.51323199108
8.85849921466
8.94272075073
7.98787554901
9.6815024297
9.63915877779
6.66236901006
10.4958920915
7.33160905935
9.56425636768
7.94124562269
7.23845941972
8.27886466368
7.29532650824
7.7142063146
9.49054846384
9.62065696895
10.2797984365
8.60717668738
8.02111662459
8.36916682838
8.38322556007
8.83571052949
7.85758623618
8.0969230694
9.03318430919
9.21139968032
8.54003334228
9.52982284922
9.40941043237
9.73666576646
9.29595151735
8.10414546572
10.33554116
8.7350885477
5.73463665533
9.38148023108
8.25994424003
9.33179232277
8.37188114621
8.99172807354
6.63021191394
8.14713156727
7.7447388054
8.31837500446
7.91509530901
8.38876891368
5.00627161249
8.98109222865
8.76629412272
9.16322839629
8.20865746201
8.59381567348
6.607214045
8.51350510611
9.38570911096
6.90077816321
6.29328999637
8.08990292188
9.56068154315
8.41420464823
8.37511260134
9.4696561151
8.94431501445
7.93772753265
7.25461795143
6.2482846386
7.21604884382
8.9040826242
7.78676497083
9.89842144006
10.7324248631
8.87440959234
10.4263246381
9.67359782627
8.27224731522
11.4799442196
10.1106703833
9.10262127092
7.04849515926
8.37523636113
6.72920135831
8.59664974706
7.28817957116
7.88568546192
7.7622055286
8.51038918315
7.81511305013
6.22138868047
8.27246565198
9.5528393636
8.65952265671
7.92040527219
8.46593924737
8.70318971639
11.1949438791
8.76219284894
7.07444530829
7.68046022289
7.96895537142
7.70438061716
6.05332680455
7.69769515662
7.97898991055
6.70487987095
7.19937687619
6.91796648585
8.31665987959
8.52342140573
7.13643739768
9.68774995248
5.49007361283
9.23274966807
9.82641854242
9.81341346639
8.59474509304
9.23324717077
8.4627738059
6.36436159644
7.72211011053
11.0379875358
7.89760082311
12.3763070294
5.35524246068
6.22454036612
8.01505370156
8.95102093154
8.10583368938
8.11986476584
8.6988094893
8.17024765797
8.35029781955
8.13139656398
10.6673538639
9.38590034284
7.41760396759
7.56903327822
6.77411938497
9.76394512795
9.24090770011
7.53434549022
7.9460177984
8.96516727646
7.79363143443
6.97039535034
8.45662251593
8.44757421658
8.3378110499
6.10555846751
10.9026633748
8.19818078608
8.99285666675
7.5739904566
7.81717291004
7.05745645509
8.78686196742
9.31275721152
10.4226639216
9.80917763676
8.25725328588
7.51945646798
9.16113361221
7.21410945961
9.56931705514
9.15996515967
9.51125267266
7.66256845656
12.2401476133
10.4969900551
8.84761441264
6.24403733712
8.29357747918
9.31698397636
7.38132906058
7.15021532309
7.2862789136
7.91198378219
7.06161080116
9.2810908152
9.830397351
9.75063805894
5.51378151819
7.29055677988
8.22863690913
6.80140161872
8.25644881068
9.77677782811
9.92062196852
8.40808526798
9.36796863225
9.09622072098
8.48697017941
7.8888097908
9.05568147212
8.18275077137
8.38374289361
8.55866569704
7.9236010122
7.21391153965
11.7457680312
10.5818778684
8.81505675961
8.81876190105
8.50307595492
5.8220446927
8.62685897794
10.780390474
8.35170056447
5.18221455525
9.49589823399
7.6695616492
6.77202842075
9.28597027116
9.04823192501
11.3980990815
8.57948046603
10.2454742234
8.99147965307
8.04150688162
8.57678758788
6.72261604246
8.99876612415
7.6684460698
7.73855091241
9.08143401046
7.79495301474
8.18846670815
10.5120297408
8.89971405506
8.80255116516
7.84140602341
8.48797692033
7.55804413409
7.83045438005
9.37296777996
9.70278680141
9.69146056271
10.8966725385
8.52644809631
8.08618256991
8.56931070481
8.31879745857
6.35493907115
10.8539351475
7.56555805899
11.2000762422
9.69424915252
7.81256110337
9.60759063451
9.09372775263
9.31846348184
9.78188354919
6.9777266565
8.86406469762
8.42907146811
10.7539490825
6.41377600654
10.0099229538
13.2346011066
10.0366320305
6.74143319954
9.6499861296
8.89057526255
8.10706061502
9.47140250041
7.98801549841
8.34450113108
9.21283706067
9.16376619706
8.2490996585
9.9216404639
9.95631611715
6.9653442889
9.02167879992
8.92068069425
8.91925457598
8.45477762486
6.98413982377
7.83715956113
9.43533201589
9.4234819673
8.19004985547
8.22425419972
9.87375355446
9.14827005791
8.46585596415
10.593182813
7.69107788892
8.89222585739
7.40726665388
9.17755712197
6.55852696729
8.43409765588
8.85429310729
9.52577788248
8.64092084295
11.9761163085
7.67621143612
7.99599349112
6.90789587027
9.05786680277
6.59002747591
7.53863474394
9.46245865656
9.17243113637
9.10716004408
10.3318854189
9.97361740332
9.2252712506
7.82759401605
8.25804622939
9.18993174456
9.24908679566
8.12040050869
11.0315364157
8.28999900352
9.94332082923
7.30320082148
6.2395994631
8.3515163931
8.85857330294
6.15498135154
9.9888734833
11.3657680194
9.41066973524
8.51508335544
6.88360356817
8.38702155428
6.01496013895
10.0374687176
10.093644507
8.09580203902
11.0377781078
8.25128777503
10.3980383638
7.35097515038
10.4931763372
9.47550078417
9.63766410508
6.72733692463
10.5477271625
7.52461334724
8.92544102956
7.99748091857
9.57994492053
6.17612369153
10.1136536905
7.4176107018
8.60949107698
9.70979403917
6.35647062779
9.27736952311
9.62765857409
8.79195833982
8.7162817572
9.344027529
8.8761610858
7.38379460648
7.66333441356
10.2882935054
9.1639466479
9.42863075439
8.35202088605
6.65008181872
9.78690805931
10.3376374752
7.35773049297
10.0925557683
6.21138753308
8.29295709241
9.83505123529
10.0991972388
6.3219097303
8.6251768817
8.52490570814
9.48285968262
8.57530379807
10.6635007156
10.6294812207
8.9779472736
8.85641438656
8.58072017394
7.76702935133
6.69841581593
6.52958762663
9.28955126602
8.24514436516
8.13432599137
10.8259070655
9.19281949904
8.69649917604
9.20644968746
10.2403168336
9.4438495348
7.50599305285
9.09970567808
8.51829212257
7.23315869571
8.83966480654
6.74677166454
8.86467950073
7.34549920816
8.3757903777
8.80032855049
8.41650391151
5.98110508131
8.80502548642
6.12406942363
9.80227946966
7.85442489422
8.05040220675
10.8016134391
8.63324091001
7.53246220491
7.44036927464
5.98117122792
8.09940379126
10.0061857705
8.79135075478
8.62294629894
9.42730950213
8.67227874051
6.75838171618
10.3474948737
8.48203060368
7.9059658372
8.96844847673
9.23860266683
6.43906436793
8.89793133693
5.82925994476
10.850472165
7.4245544028
6.89676757471
7.42991830418
10.8180949118
8.70438293798
8.85027446405
6.9226462107
8.61309755859
9.15017670944
10.598170653
10.8845875546
10.0505140796
8.96817512923
10.0757752247
8.39844590519
7.66759486872
8.33754793641
8.23101027867
8.74938308885
7.57065906213
7.15659322032
8.59134521333
6.51377778667
8.68456515519
10.8491733076
7.88243568878
9.75371573618
9.63199429025
7.73516355987
7.49117645702
9.34733621203
7.86557297849
10.8393782991
7.72277344311
6.22306745511
5.8512017972
7.77355347106
10.2339672691
9.23706303193
9.10621171143
10.5051427737
9.77747596185
7.56967668966
9.78384932907
11.9867086941
10.9793774875
8.26993119773
9.04713768816
6.42589021025
9.8973807748
6.58362054458
7.82258991245
8.4029163029
7.51196581936
8.9751108073
10.9794830866
9.26442420461
9.19259862068
8.23517111874
8.10467695557
8.7944440903
9.53739190813
9.3976796558
7.87492763371
11.0158203125
6.15294169298
8.09499038556
10.4945363665
8.89838135005
8.80967541283
9.52383989128
9.8173413257
9.03523646705
9.69005667967
8.72427298111
8.00959019639
10.3200348877
6.75942487657
9.16619659295
6.73758782329
6.00686167824
9.48114971603
10.285101623
8.2899701762
6.89509371032
8.55593783984
5.88779912291
9.29131929732
9.67861126295
9.11184584823
12.3113298527
10.3337129947
8.05566648413
10.9485086381
9.68430567428
9.80858711377
7.52660706639
10.1189658269
6.36861594448
7.48756742897
8.89710552566
11.1145452782
7.32272222303
8.74827136037
8.83175158724
6.95178065299
7.41737395173
10.3521303421
8.0272466053
8.31279193561
9.27554159651
8.71143126319
11.6439574636
5.98530982833
6.83143920402
8.50674120482
9.90991092566
9.07751830905
7.26640148492
9.03501790095
9.18135897082
6.47926394789
8.55641697894
10.4979196747
9.15307342549
7.96736890874
6.97234443731
8.142380247
6.1671423672
7.71976457598
9.63108550325
5.89226147019
8.34824172519
10.1555507826
11.799068585
6.96501636806
7.42995433532
6.15511073065
7.62060541471
8.07394199084
7.19172568248
9.76886292594
9.53035528413
8.83480441475
6.27766409905
7.74734016285
11.191468073
8.92859033819
11.03815151
8.69222892253
6.91868640709
9.94938780809
7.57609820399
9.43776107054
6.6960774166
8.54057475445
9.59458815504
7.33529088267
12.3773079855
9.2281500439
6.59662544055
10.3823159323
7.45157686652
7.85225652381
8.72818908843
10.6967203707
9.85549569546
8.47601555846
10.6364866017
7.67141042241
9.8205728783
10.5102782153
8.19758607024
11.945969321
11.989285942
7.45298351846
6.59569878978
6.42623047861
7.19168503169
9.32435349239
9.02097685752
6.25158210293
9.2717404031
6.9377574441
9.96022613306
8.57306808459
7.36842095313
8.08826823893
9.79237247347
8.29171701795
8.40245624959
9.58730325972
10.9473912567
8.51380325958
9.90203674588
8.39517533919
9.08309205988
10.4873532722
9.20736490203
8.19020909573
6.9884619278
7.97401229701
9.43377108412
6.7813166743
7.77568932316
4.26478253352
8.18201565662
6.68061010814
8.87940763168
8.26003772802
7.13233849793
9.82087162906
8.43942050736
8.17095002111
6.92130235517
9.31022830109
10.6251124469
4.25451215624
8.79818505796
8.37215686957
7.13682161031
8.75758437417
6.35089774799
8.43399199438
7.80574347581
6.41075944146
10.4468543997
10.1652947661
7.01916581347
9.50938382601
7.02004908705
7.84071465502
8.70566334777
5.87534521416
8.48620526683
5.24416864525
8.36466787065
6.16566962041
8.74015181297
8.10611448189
10.9389202109
7.24419939957
7.45963570124
12.5520533383
11.2948161282
6.8315184648
9.19819856074
7.44197807393
6.33397098433
6.5469787172
7.33333923599
7.21143839444
7.84579991922
6.89203029483
7.79093025638
10.7917052694
6.90877370207
6.42600095061
9.7269016383
8.04462102187
9.46868480991
11.8596667794
10.7112505339
8.64177598751
7.37322851491
8.66662444448
7.13165792906
7.52873978178
7.37969571436
7.74024316826
6.16199159256
9.45673631518
7.4267166118
8.14590981368
9.29070500515
9.03372814704
9.53833046624
8.49577339433
9.03360154767
7.79904232675
9.83981655089
11.4983541183
10.8253957675
8.12476996133
7.67464154574
5.84090163533
7.14373566504
10.2816335576
8.4296361589
4.72196340706
10.7669744488
7.76062803096
4.49453594015
8.22328546465
6.75451966457
9.38381527004
7.32073925767
9.87020772949
5.59475361142
8.87809661753
9.81759865403
9.98403655907
7.19811312543
9.30655559678
9.99843774423
9.26931623437
9.79237803458
10.8816647464
7.03205380515
10.4116293925
10.081066452
9.38949734619
8.01719601364
7.0155862721
9.46215949429
9.23547462428
8.37593998396
8.99136467281
9.6172161283
10.0341882909
6.10833938996
9.96403505782
9.42997396696
8.50364239229
10.4082161548
8.45837520366
8.26986834649
10.4574712929
6.93953778996
6.67975304341
8.73273707686
8.27643264421
8.65944505327
9.04956534596
6.5494586266
10.6286674369
7.81342089388
6.58360847409
9.25257255295
8.12214144421
10.257509012
6.5073300313
8.70603006284
10.2521489001
8.93549566288
8.21196612436
7.97541433927
8.81771877595
8.29469646147
7.01539389643
6.91248188638
7.34599137886
9.66701057973
9.94615571494
9.34141991617
8.32191535363
8.85078923833
8.04794259159
8.23320389745
9.28157688048
6.47563090757
7.83385485159
9.62270922473
7.55466633373
11.2727459857
9.16383446467
9.47608767878
8.86620948002
6.36375371216
9.30264753654
7.65912792281
7.35468516289
8.42378703969
9.45945429453
7.67288010311
7.5732658085
6.11313356158
4.33031737141
10.0427078996
10.1662854384
6.8630757504
11.405799772
10.6500541032
8.38857413598
6.46408159045
9.81398924278
8.01735350892
9.62650533605
7.6451044171
9.18471355232
10.191032056
9.44092093836
6.89716896202
8.30100180052
8.12240209032
8.22542415938
7.50017775392
8.22145499402
10.3097320711
8.57420056074
8.37725504471
8.83931099057
8.40835763995
8.74841922585
9.81737698504
10.0823296656
9.28523592764
11.1708526322
8.8364461172
9.50689500994
7.01967680988
9.14792049296
5.88913511051
8.9884404243
10.3163678759
6.07221341419
9.75729661562
7.54573271526
6.11854288454
7.17730663824
9.36731483895
6.50720684485
7.63365118716
7.46032438839
8.9017105335
4.74684587651
8.73668154184
7.15946037778
10.2887548177
8.64877504772
9.75819026923
6.24265456873
8.37185552625
10.6830832632
8.2865330895
9.69979105422
7.12038971498
10.4764781868
8.40360727341
7.79744017047
7.50941739699
9.49322401308
8.35066942252
8.45815674541
8.90430265141
8.59732199329
9.61248643959
9.0708885383
5.89759760331
6.5529975977
10.1902381256
8.68723489463
7.26615934771
6.00534363807
9.36378355273
6.12037349666
7.19610633751
8.27249972912
7.17116490038
10.3580376525
6.93473716437
6.19873384563
6.78939299701
9.81823948319
8.90177431865
7.58782917887
7.43099004756
10.1533072592
9.40217677657
8.39987053722
9.98192108505
7.02456791953
9.32623036823
8.36250587492
10.0461314531
4.7721351566
9.88199069035
8.31020759323
8.40727097742
7.21469740947
7.97007851673
8.32493361967
8.06538304423
9.28796869673
8.95012606032
9.51412012326
8.06004847342
6.38621617005
10.0289937287
7.26252471768
8.60627123974
9.30540280862
10.4297586003
9.35851626472
6.611933145
7.96819350939
7.95824643693
9.80536791816
11.6385445162
9.9126595015
10.4495011195
9.04374622956
7.64673050915
9.30355764758
6.10298599876
10.0739280196
7.99970532938
10.9749276874
11.1063533336
9.87739912787
11.0380706214
8.52381089448
8.98896791301
9.58496771917
8.10950879669
6.99316247697
9.27548533024
9.31094859761
7.11504275244
7.50448695204
8.01755405766
7.0344918015
8.8312280488
7.16369416014
7.69788001523
6.34585693125
10.0339900697
7.47105437623
6.26079896576
9.11656944754
5.99137007441
8.75004516782
9.32459545958
5.85309165165
8.60533599658
9.03711546071
11.030161938
10.2455518612
8.27744940596
6.36531936946
10.2273916937
9.28145200781
8.04766671845
7.76974514249
5.57281146292
9.31256629589
7.76046377895
7.58005629378
8.23124367648
10.7884990723
6.51210855402
10.2891392207
10.0912460016
7.8862942014
8.83693945574
6.12338478956
7.84815875045
6.98436628576
6.20351477608
11.0790634607
11.0474344578
10.4945562667
7.18173072092
9.07717371629
8.26491646253
9.22039730696
9.73690206117
6.08595347231
7.42597257691
8.79282700602
8.01567908513
7.13590334753
8.33994422528
9.59587859045
7.37765539503
6.76011866435
8.61707545492
6.31181544506
8.75422391203
8.55646115643
8.10460531009
7.2775709301
5.42101067085
9.24195131962
6.0707756108
8.93324755367
8.47773400169
5.54889517742
7.72760456919
8.67186328049
8.24393158934
9.93857307299
10.0106375966
9.02414139992
8.65766080719
11.8516702296
10.3832013335
10.5838434822
10.2661267399
6.18656502419
8.28980148389
8.49936225452
7.57387842278
7.23145417516
11.2777318225
7.00083709151
10.6587122036
9.34599800447
8.57499874569
10.1153282009
8.45494143231
6.45167641534
7.64235857652
6.11568059008
9.18196168581
